-3.865464608385959911e-06
-2.727270213463555265e-06
-2.733741665777847321e-06
-1.710327249523959139e-06
-1.981627276779949694e-06
-1.007770630979337892e-06
-1.495858317546096579e-06
-5.099969761892134255e-07
-1.193059924841862188e-06
-1.469180099880234064e-07
-1.017804579122172865e-06
1.295426459060580875e-07
-9.332759864642869760e-07
3.525204519572236000e-07
-9.153607703791553989e-07
5.451736604307538865e-07
-9.486386920238438415e-07
7.240466999925683135e-07
-1.023703776877780429e-06
9.013444775778923948e-07
-1.135409434952970602e-06
1.086426843329917802e-06
-1.281837554006499724e-06
1.286585411671884121e-06
-1.464152208984754106e-06
1.506552486832047153e-06
-1.688638472285892282e-06
1.743975509487311333e-06
-1.976622686468586438e-06
1.969303523007949940e-06
-2.405594148243336308e-06
2.043134184073905625e-06
-3.275985454593632475e-06
1.381071584068776581e-06
-5.785502686532769881e-06
-2.401605346374746992e-06
-1.475376670232721032e-05
-1.896467472327636883e-05
-4.961691540313853833e-05
-8.729820510604506653e-05
-1.885655257016341285e-04
-3.636690478056153731e-04
-7.422623871157547513e-04
-1.459140326468736856e-03
-2.887925023740797043e-03
-5.552755180558218914e-03
-1.037513399904496474e-02
-1.835955613335638406e-02
-3.041423444887895317e-02
-4.666347104117975902e-02
-6.659500473145366084e-02
-8.917527559899825207e-02
-1.134408878101608176e-01
-1.384732905043145057e-01
-1.636485141172984159e-01
-1.884076107649210463e-01
-2.124116312472376089e-01
-2.353241601445779652e-01
-2.569638111078905163e-01
-2.771330308500795647e-01
-2.957717117034008303e-01
-3.128745819044584930e-01
-3.286128476239954521e-01
-3.429374216545890142e-01
-3.559293234765634750e-01
-3.675240664024204129e-01
-3.777965619938720709e-01
-3.866877272414138145e-01
-3.942744565937002510e-01
-4.005076078866115497e-01
-4.054700620360073837e-01
-4.091249129988219213e-01
-4.115624838337986757e-01
-4.127588902347860689e-01
-4.128119859574770900e-01
-4.117106829485970843e-01
-4.095595414767001508e-01
-4.063592547561976076e-01
-4.022195983191170221e-01
-3.971514056233102496e-01
-3.912676959045667258e-01
-3.845873387884872208e-01
-3.772243237061178589e-01
-3.692031672062471293e-01
-3.606364356841437191e-01
-3.515518062735134563e-01
-3.420580896743490307e-01
-3.321837240115973477e-01
-3.220316566909851019e-01
-3.116289360121374252e-01
-3.010708968877309766e-01
-2.903814203453669585e-01
-2.796469281597592782e-01
-2.688868070680157651e-01
-2.581777547840061748e-01
-2.475338139035633267e-01
-2.370216304148198005e-01
-2.266495108874833908e-01
-2.164741586754181379e-01
-2.064981551041807917e-01
-1.967687318836461863e-01
-1.872830799164971471e-01
-1.780797020961950305e-01
-1.691509688897836206e-01
-1.605275760367195215e-01
-1.521977909248805327e-01
-1.441855164312748627e-01
-1.364757032051328589e-01
-1.290864952277298583e-01
-1.220003177407378847e-01
-1.152305529584438382e-01
-1.087578493612641750e-01
-1.025917480826062794e-01
-9.671179501140948764e-02
-9.112451028676712972e-02
-8.580891901805007271e-02
-8.076922855142827651e-02
-7.598442594917460824e-02
-7.145700066012547480e-02
-6.716628685823110290e-02
-6.311354318790630968e-02
-5.927874553668693869e-02
-5.566231088658374349e-02
-5.224507113001363584e-02
-4.902690490831158876e-02
-4.598964580702410987e-02
-4.313286449670685613e-02
-4.043948524166110503e-02
-3.790894070657816611e-02
-3.552528937601811404e-02
-3.328794703332726285e-02
-3.118211460892927542e-02
-2.920727351755408874e-02
-2.734974881219447498e-02
-2.560914019901669100e-02
-2.397285933494656615e-02
-2.244065432827863082e-02
-2.100097272816493083e-02
-1.965372455724802292e-02
-1.838833413091457009e-02
-1.720487504943064502e-02
-1.609368456811303624e-02
-1.505499339657664221e-02
-1.407998601886610059e-02
-1.316903850821656875e-02
-1.231411705743086851e-02
-1.151572822797272688e-02
-1.076655607385190901e-02
-1.006722122065957167e-02
-9.411064420337454314e-03
-8.798803523751440661e-03
-8.224378150494269027e-03
-7.688586910231799514e-03
-7.185914166097419516e-03
-6.717223714953907306e-03
-6.277494413914753817e-03
-5.867640894225769309e-03
-5.483090151862301739e-03
-5.124794696111625164e-03
-4.788587116468294609e-03
-4.475446312731267209e-03
-4.181571576980696106e-03
-3.907958179281985529e-03
-3.651136677324248476e-03
-3.412110106993155537e-03
-3.187708082180688938e-03
-2.978934132414908387e-03
-2.782887707547189188e-03
-2.600566788478456907e-03
-2.429314189558161394e-03
-2.270117419030546688e-03
-2.120538697616653617e-03
-1.981551140939971298e-03
-1.850914705445339892e-03
-1.729585086164573803e-03
-1.615500378738898282e-03
-1.509596614772384243e-03
-1.409972307480952813e-03
-1.317542267554580376e-03
-1.230549394767246289e-03
-1.149886315117856425e-03
-1.073925805195449692e-03
-1.003537853207224148e-03
-9.372119693891230868e-04
-8.757954873140830340e-04
-8.178827335841297756e-04
-7.642987404954510421e-04
-7.137318321067200088e-04
-6.669854048648187926e-04
-6.228319444811551914e-04
-5.820541383047391154e-04
-5.434996770413336089e-04
-5.079316830374323724e-04
-4.742648808415648467e-04
-4.432441514299841935e-04
-4.138437832902142673e-04
-3.867918869342379037e-04
-3.611154704088748993e-04
-3.375274645977514474e-04
-3.151013101651173082e-04
-2.945364462528790779e-04
-2.749469554183711878e-04
-2.570205509786626535e-04
-2.399066078579526829e-04
-2.242829418887166439e-04
-2.093292625089462899e-04
-1.957153662684732931e-04
-1.826466863148632164e-04
-1.707869180115556356e-04
-1.593629142443374043e-04
-1.490342195054814012e-04
-1.390450729268868273e-04
-1.300528450080041013e-04
-1.213153652234422143e-04
-1.134898295508836980e-04
-1.058440696901864541e-04
-9.903712671072223081e-05
-9.234342707970121422e-05
-8.642589556771175931e-05
-8.056230189654585384e-05
-7.542151211830873294e-05
-7.028152104342624623e-05
-6.581921348513203936e-05
-6.130980380621216144e-05
-5.744029475081403955e-05
-5.348020822350560655e-05
-5.012878828848454189e-05
-4.664702825135369897e-05
-4.374856427053879095e-05
-4.068308438496939306e-05
-3.818079873131536493e-05
-3.547735758400942627e-05
-3.332176228067036347e-05
-3.093292264930864039e-05
-2.908088845688986163e-05
-2.696514268302469387e-05
-2.537908581893748574e-05
-2.350009102754337784e-05
-2.214726233287455967e-05
-2.047317129844873835e-05
-1.932503453839779227e-05
-1.782790967404582804e-05
-1.685959730622240934e-05
-1.551489682692560332e-05
-1.470473292748259926e-05
-1.349085952754354709e-05
-1.281994085026403078e-05
-1.171784434243917640e-05
-1.116967136610038745e-05
-1.016249698713366421e-05
-9.722648881252910971e-06
-8.795454517726420513e-06
-8.451390033494900853e-06
-7.590436385557332805e-06
-7.328150393248113242e-06
-6.532382555399734174e-06
