-4.689949253350267210e-06
-3.308984237436291734e-06
-3.316826993698851448e-06
-2.075133347264223661e-06
-2.404287615746986149e-06
-1.222725863760331785e-06
-1.814906205066640888e-06
-6.187801271429123751e-07
-1.447522877735898189e-06
-1.782583354672055642e-07
-1.234886897540588744e-06
1.571704629074356928e-07
-1.132328545595310047e-06
4.277099514325468944e-07
-1.110589626902349771e-06
6.614607144912140378e-07
-1.150955124297323307e-06
8.785073454910650223e-07
-1.241989931401308680e-06
1.093703928129157980e-06
-1.377357372015648817e-06
1.318592229866813539e-06
-1.554357351636284456e-06
1.562768689102887947e-06
-1.772895249218621557e-06
1.835004791590624979e-06
-2.034505493775166524e-06
2.144692852505164830e-06
-2.340441512949735154e-06
2.505482868231391707e-06
-2.685193596088373270e-06
2.948346755209690300e-06
-3.030965625751908183e-06
3.573109857723443437e-06
-3.204791102840907542e-06
4.755644803142915467e-06
-2.482841529046416933e-06
7.983577410678398110e-06
2.086594810303776167e-06
1.921914129710117610e-05
2.240473399650785814e-05
6.226217879653482307e-05
1.055963045895288072e-04
2.293181645175265844e-04
4.271740025826558772e-04
8.377658043066427444e-04
1.507865846407930232e-03
2.605815733604791972e-03
4.061844230225057119e-03
5.787065633343525285e-03
7.387374279492150281e-03
8.608908223208521296e-03
9.060911437728521450e-03
8.632764543771489010e-03
7.073073713254392214e-03
4.418261615167979640e-03
5.083893606611569055e-04
-4.503488613618915164e-03
-1.068951243770140981e-02
-1.770603479848155415e-02
-2.532254960782538700e-02
-3.238120028532069650e-02
-3.798235055015666134e-02
-4.300064578817783256e-02
-4.717948773393915857e-02
-5.098534793994932701e-02
-5.412935396930217136e-02
-5.695622184234918478e-02
-5.921538769880742292e-02
-6.119210325959971442e-02
-6.267024515137194218e-02
-6.389625869380882728e-02
-6.468310120981812794e-02
-6.524864009977811297e-02
-6.543015107094157790e-02
-6.542277390865669506e-02
-6.508408962626487104e-02
-6.459019008444701060e-02
-6.381557853932082192e-02
-6.291977784782461225e-02
-6.179135495231456027e-02
-6.057504285864057092e-02
-5.917106701991529938e-02
-5.771073674044255308e-02
-5.610393412856749806e-02
-5.446967108943168157e-02
-5.272584654059686571e-02
-5.098016661082289958e-02
-4.915722937536314008e-02
-4.735435321054803914e-02
-4.550179860470447701e-02
-4.368737219152035722e-02
-4.184619816761606798e-02
-4.005741762587793076e-02
-3.826041481613752515e-02
-3.652648202784495451e-02
-3.479881385495246088e-02
-3.314163515848968233e-02
-3.150161776771057132e-02
-2.993665701881314048e-02
-2.839665322538275152e-02
-2.693385896441689506e-02
-2.550121218171022205e-02
-2.414595260899217791e-02
-2.282390224984929411e-02
-2.157785792171942538e-02
-2.036639417456645451e-02
-1.922837432739328903e-02
-1.812500547950516086e-02
-1.709166806387407006e-02
-1.609208648173599682e-02
-1.515855351183279312e-02
-1.425719648695101226e-02
-1.341756494634584532e-02
-1.260807386840950318e-02
-1.185582833397825706e-02
-1.113141436861469873e-02
-1.045975111925723580e-02
-9.813478206312007887e-03
-9.215552364313558606e-03
-8.640549415205211331e-03
-8.109657115784707493e-03
-7.599271242191673291e-03
-7.128978374292831328e-03
-6.676880219833418451e-03
-6.261108281006346268e-03
-5.861359362299613067e-03
-5.494437689355181897e-03
-5.141528309379891741e-03
-4.818220573372977364e-03
-4.507085503510289970e-03
-4.222597016921697359e-03
-3.948614852024505233e-03
-3.698586002117762797e-03
-3.457566930180414055e-03
-3.238056963331218622e-03
-3.026222681988779105e-03
-2.833687132605593705e-03
-2.647645793202116522e-03
-2.478910074481576256e-03
-2.315628432444512622e-03
-2.167859472979313980e-03
-2.024633856061032466e-03
-1.895311159106098523e-03
-1.769738414769914895e-03
-1.656625517736583968e-03
-1.546574749509490058e-03
-1.447691752112775353e-03
-1.351277384644791399e-03
-1.264874978437135599e-03
-1.180431487108891215e-03
-1.104966742745977764e-03
-1.031025232229694326e-03
-9.651392710354881645e-04
-9.004059772573587590e-04
-8.429035605662065075e-04
-7.862402724888766306e-04
-7.360712770554661685e-04
-6.864776213217758287e-04
-6.427203254347237105e-04
-5.993178217776735060e-04
-5.611638989069906661e-04
-5.231816731084325484e-04
-4.899227739612318578e-04
-4.566848037744045716e-04
-4.277006002234005921e-04
-3.986143657469738200e-04
-3.733619286490949107e-04
-3.479083395089668557e-04
-3.259127252709131299e-04
-3.036372013911773824e-04
-2.844831275787052839e-04
-2.649877168318679550e-04
-2.483122143738762796e-04
-2.312486382009057298e-04
-2.167345758869829869e-04
-2.017981024597011728e-04
-1.891684879382635805e-04
-1.760925410254288647e-04
-1.651055111366833792e-04
-1.536569314006455819e-04
-1.441013529519893531e-04
-1.340762365005828522e-04
-1.257678465445224059e-04
-1.169878933277416106e-04
-1.097659153771695208e-04
-1.020752271298036676e-04
-9.579940665496848335e-05
-8.906168071043592835e-05
-8.360968947079963154e-05
-7.770576073439685173e-05
-7.297092524052942999e-05
-6.779661408590566035e-05
-6.368592863786602426e-05
-5.915015736031900388e-05
-5.558254667952528135e-05
-5.160569152341168539e-05
-4.851049220861365131e-05
-4.502294194303042108e-05
-4.233857558410506362e-05
-3.927947102751031173e-05
-3.695228514926860564e-05
-3.426841717733386772e-05
-3.225167305157105316e-05
-2.989651936307939156e-05
-2.814950829537006587e-05
-2.608239159650613940e-05
-2.456966359829783784e-05
-2.275501605244319647e-05
-2.144570673963679632e-05
-1.985242736481426847e-05
-1.871967074131669392e-05
-1.732056411959905621e-05
-1.634098045496915514e-05
-1.511226658227597205e-05
-1.426551588963915706e-05
-1.318640224925647022e-05
-1.245479514442243219e-05
-1.150710325134257014e-05
-1.087526197216079522e-05
-1.004310158209823428e-05
-9.497664909537462105e-06
-8.767149997851212507e-06
-8.296516590148918065e-06
-7.655517962771547438e-06
-7.249623378784256695e-06
-6.687553426482311961e-06
-6.337676702640019667e-06
-5.845302447250570822e-06
-5.543898705972627862e-06
-5.113179804053288141e-06
-4.853735792662022350e-06
-4.477684616480499364e-06
-4.254594608392217570e-06
-3.927155984005593659e-06
-3.735615814937756368e-06
-3.451564355722224012e-06
-3.287481742673381366e-06
-3.042335086243384838e-06
-2.902254763242876590e-06
-2.692201332335062088e-06
-2.573243771413038093e-06
-2.395084023833590441e-06
-2.294896896416108753e-06
-2.145997290845364281e-06
-2.062719088701760826e-06
-1.940978336343260002e-06
-1.873213850315932668e-06
-1.777041301418987697e-06
-1.723849050895561545e-06
-1.652155446372836153e-06
-1.613047027531567461e-06
-1.565245714703458196e-06
-1.540196971482010675e-06
-1.516257802178673362e-06
-1.505852138329802311e-06
