9.999979624700385816e-01
9.999985624266849449e-01
9.999985590125600732e-01
9.999990984693681861e-01
9.999989554599322261e-01
9.999994687948644545e-01
9.999992115140433624e-01
9.999997311766605224e-01
9.999993711224908211e-01
9.999999225592166585e-01
9.999994635015860833e-01
1.000000068284143229e+00
9.999995080574173301e-01
1.000000185817313758e+00
9.999995174999081193e-01
1.000000287364777085e+00
9.999994999553610819e-01
1.000000381643571412e+00
9.999994603742935473e-01
1.000000475072028605e+00
9.999994014393839281e-01
1.000000572523266351e+00
9.999993240399919214e-01
1.000000677596124543e+00
9.999992270706932196e-01
1.000000791796237465e+00
9.999991052306315131e-01
1.000000909886751055e+00
9.999989392429677881e-01
1.000001000135105844e+00
9.999986557808621113e-01
1.000000923754540638e+00
9.999979651865221753e-01
1.000000108725666026e+00
9.999957054367141218e-01
9.999962311149340755e-01
9.999871914587680211e-01
9.999798889134522417e-01
9.999535195810109744e-01
9.999131485683798726e-01
9.998186416395895559e-01
9.996440452900104967e-01
9.992806036897394772e-01
9.985791866196929156e-01
9.971983478503132492e-01
9.946140874596696158e-01
9.899757266127070521e-01
9.823400640933895867e-01
9.709634746947692907e-01
9.558526925990158407e-01
9.376704130711606133e-01
9.174497977775575297e-01
8.961175086429450376e-01
8.744225544251401638e-01
8.528386957332629859e-01
8.317004508424662435e-01
8.111762496568386549e-01
7.913879714367311191e-01
7.723630110087543743e-01
7.541195924393639949e-01
7.365955889288706704e-01
7.196811643107920986e-01
7.031968955145692091e-01
6.872264937279032315e-01
6.716939229161438263e-01
6.566548224951123114e-01
6.420464590065182442e-01
6.279130500516280078e-01
6.142035928092119956e-01
6.009547894052361672e-01
5.881235997212850286e-01
5.757405883230632959e-01
5.637683158997675026e-01
5.522320917033082255e-01
5.410985223677028388e-01
5.303883296528862923e-01
5.200711042149955832e-01
5.101635340290148202e-01
5.006374562060770250e-01
4.915060103975834593e-01
4.827427696943555890e-01
4.743577674423324342e-01
4.663259679352386167e-01
4.586547103162995076e-01
4.513201284613424513e-01
4.443272558551275009e-01
4.376532655122809534e-01
4.313012518540274010e-01
4.252493623274947732e-01
4.194990956030671958e-01
4.140295537965227868e-01
4.088409570397728565e-01
4.039133703020368338e-01
3.992460231351286359e-01
3.948199659175252729e-01
3.906336936693634576e-01
3.866692687025201081e-01
3.829246740042066000e-01
3.793830068286507262e-01
3.760419266886542156e-01
3.728855803811806924e-01
3.699114594226203812e-01
3.671047636389677682e-01
3.644629408948786287e-01
3.619722354544703258e-01
3.596301475190277208e-01
3.574239454529997695e-01
3.553512527410309096e-01
3.534003309703780960e-01
3.515689763855988637e-01
3.498464041048190420e-01
3.482306147268063312e-01
3.467117303502240677e-01
3.452879730591957297e-01
3.439503204970892902e-01
3.426972220242131550e-01
3.415204563512158065e-01
3.404186973170760799e-01
3.393844688073950344e-01
3.384166601040721756e-01
3.375084843269260948e-01
3.366590328769346607e-01
3.358621532153686640e-01
3.351171228249467116e-01
3.344183705021294695e-01
3.337653422976643025e-01
3.331529978298012895e-01
3.325809336715500608e-01
3.320445926489178912e-01
3.315437039770720018e-01
3.310741492160320654e-01
3.306357730040494491e-01
3.302248544101017980e-01
3.298413372707963975e-01
3.294818601936372882e-01
3.291464511897361223e-01
3.288320736189019877e-01
3.285388259534703370e-01
3.282639645787009397e-01
3.280076460630948487e-01
3.277673909884517012e-01
3.275434029882610676e-01
3.273334407260410917e-01
3.271377451525472879e-01
3.269542894169157332e-01
3.267833432487450840e-01
3.266230730067287702e-01
3.264737697817239881e-01
3.263337739899297429e-01
3.262033916909736209e-01
3.260811201413179594e-01
3.259672749040615769e-01
3.258604946139077585e-01
3.257610997028541067e-01
3.256678563087603839e-01
3.255810858361254390e-01
3.254996694817335889e-01
3.254239263772891744e-01
3.253528416215343833e-01
3.252867293985128305e-01
3.252246687080019849e-01
3.251669666081169474e-01
3.251127870355191574e-01
3.250624281738241361e-01
3.250151308612670431e-01
3.249711830279768954e-01
3.249298952099758386e-01
3.248915440208739458e-01
3.248555032347313909e-01
3.248220373540138817e-01
3.247905775966508646e-01
3.247613757858174854e-01
3.247339153845036352e-01
3.247084351581379646e-01
3.246844661485724925e-01
3.246622338425885212e-01
3.246413126713093011e-01
3.246219147515707615e-01
3.246036541408537368e-01
3.245867296001324065e-01
3.245707914325283161e-01
3.245560251417141107e-01
3.245421142383241309e-01
3.245292311337896751e-01
3.245170898154690620e-01
3.245058498187083362e-01
3.244952531527769968e-01
3.244854467310397395e-01
3.244761983779378967e-01
3.244676426657249202e-01
3.244595712505280449e-01
3.244521066616557481e-01
3.244450626046092578e-01
3.244385498732244577e-01
3.244324026215990586e-01
3.244267202181661536e-01
3.244213558289026911e-01
3.244163977038950208e-01
3.244117167327987827e-01
3.244073903467296072e-01
3.244033060055055429e-01
3.243995306091072561e-01
3.243959671563769187e-01
3.243926722892782610e-01
3.243895636259687132e-01
3.243866878061999470e-01
3.243839762494227230e-01
3.243814658295594011e-01
3.243791010423575649e-01
3.243769092111701835e-01
3.243748472683684603e-01
3.243729331795104920e-01
3.243711357523982874e-01
3.243694637640047174e-01
3.243678974087734201e-01
3.243664364198800554e-01
3.243650719566391061e-01
3.243637948281253847e-01
3.243626067989987538e-01
3.243614898483108133e-01
3.243604560445717544e-01
3.243594786048529799e-01
3.243585796543331234e-01
3.243577236897792759e-01
3.243569426969037384e-01
3.243561924672019869e-01
3.243555146989752780e-01
3.243548564666005607e-01
3.243542690787227789e-01
3.243536908536562291e-01
3.243531826516935501e-01
3.243526739688287752e-01
3.243522352000121067e-01
3.243517869251227870e-01
3.243514090969214503e-01
3.243510132575963545e-01
3.243506889797126425e-01
3.243503386181324499e-01
3.243500614649990066e-01
3.243497505098404954e-01
3.243495149010913736e-01
3.243492380562026933e-01
3.243490391529235684e-01
3.243487918007367798e-01
3.243486254156037196e-01
3.243484035335276738e-01
3.243482660532069350e-01
3.243480661415014676e-01
3.243479544599052189e-01
3.243477734796328393e-01
3.243476849410432683e-01
3.243475202660386358e-01
3.243474526316110773e-01
3.243473019304543570e-01
3.243472528226066243e-01
3.243471160309476797e-01
