1.000000000000000000e+00
1.024542136053557151e+00
1.049995247476522398e+00
1.076409028220668862e+00
1.103836637298492462e+00
1.132335306618001081e+00
1.161966650078852359e+00
1.192797093663228836e+00
1.224898356177559933e+00
1.258347982202103976e+00
1.293229956827173011e+00
1.329635384329074466e+00
1.367663276116769522e+00
1.407421322607286696e+00
1.449027088211260805e+00
1.492608938901724525e+00
1.538307435288901015e+00
1.586276791866760405e+00
1.636686570113161432e+00
1.689723640325847986e+00
1.745594447642834890e+00
1.804527647298993287e+00
1.866777169442571882e+00
1.932625819196937211e+00
2.002389452057728558e+00
2.076422064621102237e+00
2.155121655980690942e+00
2.238937277298643114e+00
2.328377497602281743e+00
2.424020617960729318e+00
2.526527039645770856e+00
2.636654383833915372e+00
2.755276065860695844e+00
2.883404288857713826e+00
3.022218782336535181e+00
3.173102926690877457e+00
3.337689740099331726e+00
3.517920793159934778e+00
3.716122802733634156e+00
3.935108019326426287e+00
