3.000000000000000000e+00
2.999757749285036024e+00
2.999516253613398131e+00
2.999275545258367259e+00
2.999035624219942964e+00
2.998796490498125689e+00
2.998558143310205981e+00
2.998320572625889024e+00
2.998083775386590766e+00
2.997847751592311649e+00
2.997612501243051675e+00
2.997378084231344442e+00
2.997144344446832864e+00
2.996911375314204928e+00
2.996679174244059052e+00
2.996447738646994985e+00
2.996217065933611590e+00
2.995987152470045878e+00
2.995757993453234569e+00
2.995529585863752065e+00
2.995301926729498021e+00
2.995075013078372983e+00
2.994848841938277051e+00
2.994623410337111213e+00
2.994398715302775571e+00
2.994174753863170224e+00
2.993951523046195717e+00
2.993729019879752595e+00
2.993507241391740514e+00
2.993286184610060019e+00
2.993065846562612542e+00
2.992846224277296852e+00
2.992627314854979570e+00
2.992409118116186484e+00
2.992191632967266202e+00
2.991974857053530723e+00
2.991758788020292936e+00
2.991543423512865729e+00
2.991328761176562878e+00
2.991114798656695495e+00
2.990901533598577799e+00
2.990688963647521792e+00
2.990477086448840360e+00
2.990265899647846393e+00
2.990055400889852777e+00
2.989845587828026119e+00
2.989636458376141892e+00
2.989428010354360676e+00
2.989220241466619132e+00
2.989013149416853476e+00
2.988806731908999925e+00
2.988600986646994695e+00
2.988395911334774446e+00
2.988191503676274952e+00
2.987987761375432871e+00
2.987784682136183978e+00
2.987582263662465376e+00
2.987380503658212394e+00
2.987179399842862626e+00
2.986978950396751653e+00
2.986779153324377045e+00
2.986580006432482559e+00
2.986381507527811952e+00
2.986183654417108535e+00
2.985986444907117399e+00
2.985789876804580967e+00
2.985593947916244773e+00
2.985398656048851240e+00
2.985203999009145459e+00
2.985009974603869853e+00
2.984816580639769512e+00
2.984623823262424480e+00
2.984431681774600609e+00
2.984240165424920210e+00
2.984049272033130862e+00
2.983858999426511449e+00
2.983669345439872167e+00
2.983480307915556295e+00
2.983291884703436647e+00
2.983104073660919120e+00
2.982916872652940032e+00
2.982730279551968344e+00
2.982544292238003880e+00
2.982358908598579106e+00
2.982174126543547299e+00
2.981989944344685117e+00
2.981806360117836174e+00
2.981623371844019488e+00
2.981440977514069335e+00
2.981259175128639249e+00
2.981077962698200245e+00
2.980897338243041261e+00
2.980717299793267827e+00
2.980537845388805618e+00
2.980358973079395124e+00
2.980180680924596981e+00
2.980002966993788416e+00
2.979825829366164136e+00
2.979649266130738106e+00
2.979473275386340436e+00
2.979297855241619608e+00
2.979123003815041582e+00
2.978948719234891129e+00
2.978774999639269172e+00
2.978601843176095887e+00
2.978429248003108043e+00
2.978257212287860778e+00
2.978085734207727153e+00
2.977914811949896823e+00
2.977744443711379141e+00
2.977574627684081765e+00
2.977405361772533787e+00
2.977236644040067493e+00
2.977068472670384658e+00
2.976900845855111832e+00
2.976733761793795452e+00
2.976567218693905392e+00
2.976401214770833636e+00
2.976235748247895163e+00
2.976070817356326170e+00
2.975906420335285851e+00
2.975742555431855951e+00
2.975579220901039879e+00
2.975416415005763149e+00
2.975254136016875606e+00
2.975092382213146980e+00
2.974931151881270441e+00
2.974770443315861712e+00
2.974610254819458621e+00
2.974450584702520661e+00
2.974291431283431208e+00
2.974132792888494414e+00
2.973974667851937870e+00
2.973817054515910385e+00
2.973659951230484211e+00
2.973503356353652816e+00
