1.000000000000000000e+00
9.999353992986134143e-01
9.998709987952045797e-01
9.998068071549289781e-01
9.997428243977656281e-01
9.996790505436313756e-01
9.996154854008786339e-01
9.995521262788493733e-01
9.994889723704737383e-01
9.994260236950730514e-01
9.993632802719077945e-01
9.993007583021169538e-01
9.992384156266773676e-01
9.991762775055913481e-01
9.991143432581344186e-01
9.990526122034374401e-01
9.989910836604876110e-01
9.989297566664194772e-01
9.988686299428293225e-01
9.988077026922066448e-01
9.987469741296522985e-01
9.986864434701154813e-01
9.986261099283938458e-01
9.985659727191342760e-01
9.985060310568339981e-01
9.984462841558410240e-01
9.983867312303548180e-01
9.983273714944275179e-01
9.982682041619639346e-01
9.982092284467228849e-01
9.981504435623177462e-01
9.980918487222170121e-01
9.980334431595307976e-01
9.979752268447280583e-01
9.979171995003116580e-01
9.978593605067203054e-01
9.978017092442699187e-01
9.977442450931531814e-01
9.976869674334409854e-01
9.976298756450818761e-01
9.975729691079042727e-01
9.975162472016152471e-01
9.974597093058024111e-01
9.974033547999338056e-01
9.973471830633582336e-01
9.972911934774754128e-01
9.972353854955322561e-01
9.971797585448143320e-01
9.971243120203995280e-01
9.970690453172508239e-01
9.970139578302175121e-01
9.969590489540351985e-01
9.969043180833263573e-01
9.968497646126011080e-01
9.967953879362576597e-01
9.967411874485825329e-01
9.966871625437516702e-01
9.966333126158303246e-01
9.965796370630140011e-01
9.965261354094721025e-01
9.964728071311745872e-01
9.964196516498916578e-01
9.963666683872887120e-01
9.963138567649257871e-01
9.962612162042592256e-01
9.962087461266413424e-01
9.961564459533214233e-01
9.961043151054459477e-01
9.960523530040590323e-01
9.960005590701027645e-01
9.959489327244183121e-01
9.958974756672905881e-01
9.958461822610646941e-01
9.957950550540376478e-01
9.957440934702297408e-01
9.956932969356219187e-01
9.956426648781556699e-01
9.955921967277344686e-01
9.955418919162236646e-01
9.954917498774523699e-01
9.954417700472125707e-01
9.953919518632613483e-01
9.953422947653206565e-01
9.952927981950779879e-01
9.952434616002248102e-01
9.951942845271514182e-01
9.951452664796068825e-01
9.950964069244550014e-01
9.950477053311539422e-01
9.949991611717579065e-01
9.949507739209164647e-01
9.949025430558767757e-01
9.948544680564829212e-01
9.948065484051779039e-01
9.947587835870029815e-01
9.947111730895994430e-01
9.946637164032091638e-01
9.946164130206742726e-01
9.945692624374393720e-01
9.945222641515512052e-01
9.944754176636591003e-01
9.944287224770168576e-01
9.943821780974819724e-01
9.943357840335175224e-01
9.942895397961919457e-01
9.942434448991800400e-01
9.941974988587638506e-01
9.941517011938326709e-01
9.941060514258844849e-01
9.940605490790259680e-01
9.940151936758674367e-01
9.939699846598312183e-01
9.939249215179489783e-01
9.938800037702896217e-01
9.938352309390113826e-01
9.937906025483619343e-01
9.937461181246790565e-01
9.937017771963917445e-01
9.936575792940206542e-01
9.936135239501777683e-01
9.935696106995682841e-01
9.935258390789899474e-01
9.934822086273344954e-01
9.934387188855874351e-01
9.933953693968297083e-01
9.933521597062366926e-01
9.933090893610803107e-01
9.932661579107280314e-01
9.932233649066448677e-01
9.931807099023928220e-01
9.931381924536321071e-01
9.930958121181208131e-01
9.930535684557165732e-01
9.930114610283760079e-01
9.929694894001559469e-01
9.929276531372134285e-01
