6.626652829597926e-07
6.819935047123177e-07
7.017474316975209e-07
7.219338799180479e-07
7.425597402830741e-07
7.636319846622347e-07
7.851576651277988e-07
8.071439150945437e-07
8.295979499400624e-07
8.525270677763315e-07
8.759386501864679e-07
8.998401629783315e-07
9.242391569407782e-07
9.491432686062646e-07
9.745602210195173e-07
1.0004978245112705e-06
1.0269639774786585e-06
1.0539666671709332e-06
1.0815139704813851e-06
1.1096140547451466e-06
1.1382751785430378e-06
1.1675056925114596e-06
1.1973140401583918e-06
1.227708758685531e-06
1.2586984798166177e-06
1.2902919306319858e-06
1.3224979344093847e-06
1.355325411471119e-06
1.3887833800375437e-06
1.4228809570869539e-06
1.45762735922194e-06
1.4930319035422071e-06
1.5291040085239517e-06
1.5658531949057992e-06
1.6032890865813873e-06
1.641421411498591e-06
1.68026000256549e-06
1.7198147985630865e-06
1.7600958450648168e-06
1.8011132953629499e-06
1.8428774114018433e-06
1.8853985647181955e-06
1.9286872373882376e-06
1.972754022982023e-06
2.017609627524759e-06
2.0632648704653142e-06
2.1097306856518813e-06
2.1570181223149007e-06
2.2051383460572436e-06
2.2541026398517536e-06
2.3039224050461463e-06
2.354609162375363e-06
2.4061745529813854e-06
2.458630339440603e-06
2.511988406798752e-06
2.566260763613494e-06
2.621459543004675e-06
2.6775970037123215e-06
2.734685531162447e-06
2.792737638540667e-06
2.8517659678737313e-06
2.911783291118993e-06
2.9728025112618946e-06
3.0348366634214428e-06
3.097898915964077e-06
3.1620025716247203e-06
3.2271610686383054e-06
3.2933879818761235e-06
3.3606970239940382e-06
3.429102046586598e-06
3.498617041350822e-06
3.569256141257992e-06
3.6410336217341936e-06
3.7139639018493684e-06
3.7880615455150824e-06
3.863341262690982e-06
3.939817910600078e-06
4.017506494952785e-06
4.096422171179975e-06
4.176580245674875e-06
4.25799617704405e-06
4.340685577367435e-06
4.42466421346752e-06
4.509948008187697e-06
4.596553041679911e-06
4.684495552701596e-06
4.773791939922005e-06
4.864458763237956e-06
4.956512745099143e-06
5.049970771842945e-06
5.144849895038882e-06
5.241167332842849e-06
5.33894047136093e-06
5.438186866023243e-06
5.538924242967485e-06
5.641170500432603e-06
5.744943710162265e-06
5.850262118818706e-06
5.957144149406378e-06
6.0656084027061635e-06
6.175673658719578e-06
6.287358878123522e-06
6.400683203735363e-06
6.515665961988492e-06
6.632326664418538e-06
6.750685009160017e-06
6.870760882453933e-06
6.992574360165884e-06
7.116145709315198e-06
7.2414953896148605e-06
7.368644055022471e-06
7.497612555302255e-06
7.628421937598122e-06
7.761093448018057e-06
7.895648533229593e-06
8.032108842066845e-06
8.170496227148714e-06
8.310832746508804e-06
8.453140665236773e-06
8.597442457131335e-06
8.743760806365005e-06
8.892118609160673e-06
9.0425389754799e-06
9.195045230723364e-06
9.349660917443207e-06
9.50640979706738e-06
9.665315851636475e-06
9.826403285552504e-06
9.989696527340139e-06
1.0155220231420494e-05
1.0322999279897055e-05
1.0493058784354726e-05
1.0665424087670926e-05
1.0840120765839978e-05
1.1017174629809914e-05
1.1196611727332425e-05
1.1378458344825842e-05
1.1562741009250507e-05
1.174948649e-05
1.1938721800797546e-05
1.2130474201623024e-05
1.2324771200628173e-05
1.2521640556090149e-05
1.2721110278362306e-05
1.2923208631845674e-05
1.312796413697244e-05
1.333540557220338e-05
1.3545561976039287e-05
1.3758462649046746e-05
1.3974137155897175e-05
1.4192615327421554e-05
1.4413927262677409e-05
1.4638103331032691e-05
1.4865174174261525e-05
1.5095170708656892e-05
1.5328124127156158e-05
1.5564065901482847e-05
1.5803027784301875e-05
1.604504181139112e-05
1.6290140303827067e-05
1.6538355870185828e-05
1.6789721408760106e-05
1.7044270109790076e-05
1.7302035457711533e-05
1.7563051233417788e-05
1.7827351516538866e-05
1.8094970687734717e-05
1.836594343100641e-05
1.864030473602097e-05
1.8918089900453815e-05
1.9199334532347462e-05
1.948407455248493e-05
1.977234619678133e-05
2.006418601869073e-05
2.0359630891630265e-05
2.0658718011420398e-05
2.096148489874234e-05
2.126796940161233e-05
2.157820969787247e-05
2.1892244297700067e-05
2.221011204613046e-05
2.2531852125605376e-05
2.285750405852463e-05
2.318710770983492e-05
2.352070328961312e-05
2.3858331355691205e-05
2.4200032816279054e-05
2.4545848932616156e-05
2.4895821321644177e-05
2.5249991958676334e-05
2.5608403180133264e-05
2.597109768620789e-05
2.6338118543712692e-05
2.670950918863008e-05
2.7085313429283587e-05
2.746557544852363e-05
2.785033980726695e-05
2.8239651446709434e-05
2.8633555691563638e-05
2.9032098252768042e-05
2.9435325230427915e-05
2.9843283116726923e-05
3.0256018798847285e-05
3.0673579561937825e-05
3.10960130920793e-05
3.15233674792766e-05
3.19556912204777e-05
3.239303322260546e-05
3.2835442805608444e-05
3.3282969705545304e-05
3.37356640776692e-05
3.419357649955708e-05
3.465675797423723e-05
3.512525993335662e-05
3.559913424035669e-05
3.607843319367745e-05
3.656320952998221e-05
3.705351642740058e-05
3.754940750879846e-05
3.805093684506615e-05
3.855815895843055e-05
3.9071128825788246e-05
3.9589901882063385e-05
4.0114534023584965e-05
4.0645081611490265e-05
4.118160147514695e-05
4.172415091560433e-05
4.2272787709059456e-05
4.282757011035547e-05
4.338855685649626e-05
4.395580717018833e-05
4.452938076340618e-05
4.510933784097953e-05
4.569573910420881e-05
4.628864575449729e-05
4.6888119497018626e-05
4.749422254439644e-05
4.810701762041906e-05
4.872656796377242e-05
4.935293733180126e-05
4.998619000429436e-05
5.062639078729318e-05
5.1273605016931826e-05
5.192789856329307e-05
5.258933783430217e-05
5.325798977963265e-05
5.393392189465279e-05
5.4617202224385785e-05
5.5307899367503774e-05
5.6006082480347e-05
5.671182128096626e-05
5.742518605319922e-05
5.814624765076345e-05
5.8875077501389815e-05
5.9611747610970265e-05
6.03563305677423e-05
6.110889954649666e-05
6.186952831281593e-05
6.26382912273363e-05
6.341526325004496e-05
6.420051994459826e-05
6.499413748267395e-05
6.579619264835006e-05
6.660676284251169e-05
6.742592608729051e-05
6.825376103052897e-05
6.90903469502774e-05
6.993576375932061e-05
7.079009200973068e-05
7.165341289745715e-05
7.252580826693731e-05
7.34073606157481e-05
7.429815309927866e-05
7.519826953544105e-05
7.610779440940734e-05
7.702681287838063e-05
7.795541077639533e-05
7.889367461915124e-05
7.98416916088784e-05
8.079954963923066e-05
8.176733730022149e-05
8.274514388317523e-05
8.373305938573191e-05
8.473117451686455e-05
8.573958070194389e-05
8.67583700878307e-05
8.778763554799926e-05
8.882747068770011e-05
8.987796984915148e-05
9.093922811676822e-05
9.201134132242235e-05
9.309440605073955e-05
9.418851964443053e-05
9.529378020965621e-05
9.641028662142777e-05
9.753813852904377e-05
9.867743636156093e-05
9.982828133330224e-05
0.00010099077544939282
0.00010216502151136651
0.0001033511231227246
0.00010454918469465943
0.00010575931145168882
0.00010698160943740551
0.00010821618552023872
0.00010946314739925028
0.00011072260360997654
0.00011199466353030551
0.00011327943738638867
0.00011457703625859676
0.00011588757208751145
0.00011721115767995427
0.00011854790671505913
0.00011989793375038027
0.00012126135422804063
0.00012263828448092303
0.0001240288417388957
0.00012543314413508594
0.00012685131071218513
0.00012828346142880497
0.00012972971716586335
0.0001311901997330231
0.0001326650318751645
0.00013415433727889965
0.00013565824057913708
0.0001371768673656767
0.0001387103441898588
0.00014025879857124677
0.0001418223590043598
0.00014340115496544586
0.00014499531691929593
0.00014660497632611015
0.00014823026564839698
0.0001498713183579283
0.00015152826894273001
0.0001532012529141238
0.00015489040681381048
0.00015659586822100124
0.00015831777575959363
0.0001600562691053939
0.00016181148899338491
0.0001635835772250443
0.00016537267667570308
0.00016717893130195846
0.00016900248614913044
0.0001708434873587655
0.0001727020821761918
0.0001745784189581198
0.00017647264718029338
0.00017838491744518806
0.00018031538148976148
0.0001822641921932511
0.0001842315035850204
0.00018621747085246254
0.00018822225034894317
0.00019024599960180673
0.00019228887732041894
0.00019435104340428168
0.00019643265895117327
0.0001985338862653658
0.00020065488886587804
0.0002027958314947884
0.00020495688012560012
0.00020713820197165722
0.00020933996549461864
0.00021156234041298062
0.00021380549771065797
0.00021606960964561995
0.0002183548497585778
0.000220661392881727
0.0002229894151475558
0.00022533909399769075
0.000227710608191819
0.00023010413781665077
0.00023251986429494948
0.0002349579703946143
0.00023741864023782145
0.0002399020593102224
0.0002424084144702048
0.0002449378939582057
0.00024749068740608806
0.0002500669858465785
0.0002526669817227563
0.0002552908688976158
0.0002579388426636754
0.00026061109975265866
0.0002633078383452278
0.00026602925808078914
0.00026877556006734674
0.00027154694689143256
0.00027434362262808925
0.0002771657928509227
0.0002800136646422108
0.00028288744660308584
0.00028578734886376954
0.000288713583093887
0.0002916663625128285
0.00029464590190019245
0.0002976524176062871
0.00030068612756269434
0.00030374725129291003
0.00030683600992304286
0.0003099526261925865
0.00031309732446525347
0.00031627033073988313
0.00031947187266141686
0.00032270217953193713
0.0003259614823217852
0.0003292500136807404
0.0003325680079492726
0.0003359157011698717
0.00033929333109843193
0.0003427011372157289
0.00034613936073895057
0.0003496082446333124
0.00035310803362373686
0.00035663897420661663
0.0003602013146616356
0.00036379530506368556
0.00036742119729483394
0.0003710792450563876
0.00037476970388101885
0.0003784928311449682
0.00038224888608033364
0.0003860381297874268
0.0003898608252472062
0.00039371723733379544
0.0003976076328270793
0.00040153228042536356
0.00040549145075814
0.00040948541639890376
0.0004135144518780733
0.00041757883369597656
0.00042167884033592073
0.000425814752277356
0.00042998685200909683
0.000434195424042654
0.00043844075492562463
0.00044272313325518804
0.00044704284969165984
0.0004514001969721664
0.00045579546992435984
0.00046022896548025973
0.0004647009826901555
0.0004692118227366023
0.00047376178894851194
0.00047835118681531144
0.00048298032400121685
0.00048764951035957263
0.0004923590579472857
0.0004971092810393667
0.000501900496143529
0.0005067330220149111
0.0005116071796708678
0.0005165232924058621
0.0005214816858064544
0.0005264826877663705
0.000531526628501677
0.0005366138405660452
0.0005417446588661041
0.0005469194206769027
0.0005521384656574516
0.0005574021358663742
0.0005627107757776408
0.000568064732296425
0.0005734643547750188
0.0005789099950288912
0.0005844020073528101
0.0005899407485370796
0.0005955265778838835
0.0006011598572237104
0.0006068409509319036
0.0006125702259452912
0.0006183480517789381
0.0006241748005429841
0.0006300508469596031
0.0006359765683800509
0.0006419523448018263
0.0006479785588859461
0.0006540555959743006
0.0006601838441071517
0.0006663636940407065
0.0006725955392648182
0.0006788797760207912
0.0006852168033192931
0.0006916070229583802
0.0006980508395416337
0.0007045486604964022
0.0007111008960921701
0.0007177079594590128
0.0007243702666062068
0.0007310882364408999
0.0007378622907869565
0.0007446928544038579
0.0007515803550057731
0.0007585252232807086
0.000765527892909791
0.0007725888005866711
0.0007797083860370358
0.0007868870920382526
0.0007941253644391189
0.0008014236521797516
0.0008087824073115831
0.00081620208501748
0.0008236831436320047
0.0008312260446617663
0.0008388312528059368
0.0008464992359768563
0.000854230465320789
0.000862025415238796
0.0008698845634077306
0.0008778083908013825
0.0008857973817117194
0.000893852023770297
0.0009019728079697537
0.0009101602286854914
0.0009184147836974287
0.000926736974211947
0.0009351273048839178
0.0009435862838388965
0.0009521144226954517
0.0009607122365876008
0.0009693802441874266
0.0009781189677277907
0.0009869289330252118
0.0009958106695028743
0.0010047647102137736
0.0010137915918640148
0.0010228918548362278
0.0010320660432131656
0.0010413147048013997
0.0010506383911552013
0.0010600376576005302
0.0010695130632592108
0.0010790651710732074
0.0010886945478290966
0.0010984017641826424
0.0011081873946835645
0.0011180520178004098
0.001127996215945624
0.0011380205755007334
0.001148125686841712
0.0011583121443644736
0.0011685805465105478
0.0011789314957928805
0.001189365598821831
0.0011998834663312697
0.0012104857132049101
0.0012211729585027116
0.0012319458254875218
0.0012428049416518452
0.0012537509387447426
0.0012647844527989744
0.0012759061241582237
0.0012871165975045305
0.0012984165218858914
0.0013098065507440087
0.001321287341942206
0.001332859557793555
0.001344523865089085
0.001356280935126284
0.001368131443737637
0.0013800760713194669
0.0013921155028608302
0.0014042504279727084
0.0014164815409172362
0.001428809540637258
0.001441235130785927
0.0014537590197565761
0.0014663819207127208
0.0014791045516182651
0.0014919276352678755
0.001504851899317543
0.0015178780763153445
0.0015310069037323547
0.0015442391239937861
0.0015575754845102716
0.0015710167377093868
0.001584563641067312
0.001598216957140725
0.001611977453598841
0.0016258459032557158
0.0016398230841026553
0.0016539097793408846
0.0016681067774144088
0.0016824148720430137
0.0016968348622555542
0.0017113675524233654
0.0017260137522939006
0.0017407742770246106
0.0017556499472169418
0.0017706415889506282
0.0017857500338181247
0.0018009761189592812
0.0018163206870962048
0.0018317845865683557
0.0018473686713678247
0.0018630738011748227
0.0018789008413934512
0.0018948506631875444
0.0019109241435169091
0.0019271221651735982
0.0019434456168185594
0.0019598953930183814
0.0019764723942823532
0.0019931775270996613
0.002010011703976893
0.002026975843475695
0.002044070870250693
0.0020612977150876377
0.002078657314941751
0.0020961506129763482
0.0021137785586016434
0.0021315421075138175
0.002149442221734306
0.0021674798696493256
0.002185656026049633
0.0022039716721705483
0.0022224277957321355
0.002241025390979759
0.0022597654587247313
0.002278649006385328
0.002297677048027955
0.0023168506044086417
0.0023361707030146914
0.002355638378106688
0.002375254670760623
0.0023950206289104306
0.002414937307390601
0.0024350057679792055
0.0024552270794410747
0.002475602317571275
0.0024961325652388447
0.0025168189124307578
0.002537662456296215
0.002558664301191119
0.00257982555872286
0.0026011473477953926
0.002622630794654487
0.002644277032933372
0.0026660872036985456
0.002688062455495918
0.0027102039443971967
0.0027325128340465825
0.0027549902957076876
0.0027776375083108005
0.002800455658500369
0.0028234459406827946
0.0028466095570745358
0.0028699477177504215
0.00289346164069234
0.0029171525518381577
0.002941021685130922
0.0029650702825684432
0.0029892995942530126
0.0030137108784416044
0.0030383054015961993
0.003063084438434531
0.00308804927198108
0.0031132011936183647
0.0031385415031385385
0.003164071508795356
0.0031897925273563204
0.0032157058841552452
0.0032418129131451226
0.0032681149569512087
0.003294613366924543
0.003321309503195708
0.0033482047347289296
0.003375300439376492
0.003402598003933493
0.0034300988241928836
0.0034578043050008844
0.0034857158603126704
0.003513834913248458
0.003542162896149804
0.0035707012506364312
0.0035994514276631276
0.0036284148875772707
0.003657593100176416
0.0036869875447664365
0.003716599710219909
0.0037464310950348213
0.0037764832073936905
0.003806757565223039
0.003837255696253056
0.0038679791380779173
0.0038989294382161155
0.003930108154171424
0.003961516853494022
0.003993157113842146
0.004025030523043947
0.0040571386791598135
0.004089483190545078
0.004122065675912952
0.004154887764398018
0.004187951095619959
0.004221257319747689
0.004254808097563958
0.004288605100530137
0.004322650010851617
0.004356944521543419
0.00439149033649624
0.004426289170542935
0.00446134274952534
0.0044966528103614605
0.004532221101113128
0.00456804938105402
0.004604139420738061
0.004640493002068188
0.00467711191836571
0.00471399797443977
0.004751152986657482
0.004788578783014364
0.0048262772032051345
0.004864250098695078
0.00490249933279165
0.004941026780716637
0.004979834329678668
0.0050189238789461734
0.005058297339920781
0.005097956636211117
0.0051379037037070155
0.005178140490654323
0.005218668957729809
0.0052594910781169355
0.00530060883758171
0.005342024234549199
0.005383739280180276
0.005425755998449436
0.005468076426221609
0.005510702613331624
0.005553636622661953
0.005596880530222338
0.005640436425229259
0.005684306410186124
0.005728492600963663
0.005772997126881165
0.0058178221307877516
0.005862969769144565
0.005908442212107018
0.005954241643607926
0.006000370261440732
0.006046830277343554
0.006093623917083521
0.0061407534205416255
0.006188221041798177
0.006236029049218597
0.0062841797255398695
0.006332675367957342
0.006381518288212214
0.0064307108126792955
0.006480255282455532
0.00653015405344892
0.006580409496467763
0.006631023997310966
0.006681999956858136
0.006733339791160918
0.006785045931534292
0.006837120824648792
0.006889566932623056
0.006942386733116911
0.006995582719425233
0.007049157400571918
0.0071031133014049334
0.007157452962691408
0.007212178941213661
0.007267293809865609
0.007322800157749705
0.007378700590274562
0.007434997729253081
0.0074916942130010804
0.00754879269643661
0.007606295851179866
0.007664206365653427
0.007722526945183485
0.007781260312101238
0.007840409205845248
0.007899976383064028
0.007959964617719608
0.008020376701191309
0.00808121544238052
0.008142483667815623
0.00820418422175807
0.0082663199663085
0.008328893781513955
0.008391908565475404
0.008455367234456102
0.008519272722990277
0.008583627983992934
0.008648435988869729
0.008713699727627863
0.008779422208987621
0.008845606460494182
0.00891225552863062
0.008979372478931023
0.009046960396094738
0.009115022384100826
0.009183561566323653
0.009252581085648727
0.009322084104589375
0.009392073805404312
0.009462553390215315
0.009533526081126372
0.009604995120342638
0.009676963770290916
0.009749435313740208
0.009822413053923201
0.00989590031465862
0.009969900440473916
0.010044416796728933
0.010119452769740358
0.010195011766906412
0.010271097216833018
0.010347712569459887
0.010424861296187962
0.01050254689000728
0.010580772865625596
0.010659542759597867
0.010738860130456392
0.010818728558841603
0.010899151647633989
0.01098013302208616
0.011061676329956431
0.011143785241642326
0.011226463450315707
0.011309714672057962
0.01139354264599652
0.011477951134441654
0.01156294392302457
0.011648524820835887
0.011734697660565093
0.01182146629864088
0.011908834615372038
0.011996806515089414
0.012085385926288616
0.01217457680177328
0.012264383118799717
0.012354808879221746
0.012445858109636821
0.012537534861532921
0.012629843211435916
0.012722787261058494
0.01281637113744906
0.012910598993142309
0.013005475006310174
0.013101003380913656
0.013197188346855834
0.013294034160135432
0.013391545103001428
0.01348972548410848
0.013588579638673319
0.01368811192863198
0.013788326742797962
0.013889228497021178
0.013990821634348137
0.01409311062518263
0.014196099967447466
0.014299794186747638
0.014404197836533334
0.014509315498265151
0.014615151781579147
0.014721711324453771
0.014828998793376806
0.014937018883514347
0.015045776318879555
0.015155275852503544
0.015265522266606253
0.015376520372769058
0.015488275012107738
0.015600791055447118
0.01571407340349583
0.01582812698702312
0.015942956767035697
0.016058567734956126
0.016174964912802337
0.01629215335336758
0.016410138140402153
0.016528924388795448
0.01664851724475966
0.016768921886014154
0.016890143521970925
0.01701218739392131
0.017135058775223585
0.01725876297149174
0.017383305320785143
0.01750869119379965
0.0176349259940594
0.01776201515810992
0.017889964155712382
0.018018778490038752
0.018148463697868374
0.018279025349785153
0.01841046905037669
0.01854280043843344
0.018676025187150242
0.018810149004327845
0.01894517763257642
0.019081116849519995
0.019217972468001495
0.0193557503362901
0.019494456338288575
0.01963409639374269
0.019774676458451167
0.019916202524477355
0.02005868062036188
0.02020211681133616
0.02034651719953808
0.02049188792422759
0.020638235162004862
0.020785565127028643
0.020933884071236347
0.021083198284565553
0.02123351409517606
0.02138483786967421
0.02153717601333752
0.021690534970341156
0.02184492122398563
0.022000341296925578
0.022156801751400158
0.02231430918946416
0.022472870253221585
0.022632491625058846
0.02279318002788107
0.02295494222534857
0.023117785022114878
0.023281715264066558
0.023446739838564067
0.02361286567468352
0.023780099743461083
0.02394844905813733
0.024117920674403784
0.024288521690651217
0.0244602592482178
0.024633140531640858
0.024807172768908065
0.024982363231711206
0.025158719235701274
0.025336248140744273
0.025514957351179483
0.025694854316078684
0.025875946529506436
0.026058241530782723
0.026241746904746472
0.026426470282020796
0.0266124193392794
0.026799601799515214
0.026988025432309562
0.02717769805410397
0.027368627528472318
0.027560821766395766
0.027754288726537957
0.027949036415523112
0.02814507288821444
0.028342406247994948
0.028541044647049853
0.0287409962866496
0.028942269417436137
0.029144872339709173
0.02934881340371483
0.0295541010099365
0.029760743609385822
0.0299687497038967
0.030178127846420526
0.030388886641322603
0.030601034744681087
0.030814580864586803
0.031029533761445578
0.031245902248281228
0.03146369519104152
0.03168292150890474
0.03190359017458859
0.0321257102146607
0.03234929070985101
0.03257434079536548
0.032800869661202145
0.033028886552468814
0.033258400769701726
0.033489421669187766
0.03372195866328642
0.03395602122075537
0.034191618867076536
0.034428761184785
0.03466745781379883
0.03490771845175184
0.03514955285432707
0.03539297083559316
0.035637982268342
0.03588459708442813
0.03613282527511138
0.03638267689139896
0.03663416204439229
0.0368872909056337
0.0371420737074563
0.037398520743334496
0.03765664236823872
0.03791644899898917
0.038177951114614625
0.03844115925671065
0.03870608402980144
0.03897273610170352
0.03924112620389041
0.03951126513186084
0.03978316374550787
0.04005683296949082
0.04033228379360876
0.040609527273176405
0.040888574529402186
0.041169436749768244
0.04145212518841233
0.04173665116651285
0.04202302607267455
0.04231126136331769
0.04260136856306914
0.04289335926515439
0.04318724513179426
0.04348303789460112
0.04378074935497934
0.044080391384526955
0.044381975925439965
0.04468551499091875
0.04499102066557698
0.0452985051058524
0.04560798054042043
0.04591945927060998
0.046232953670820594
0.04654847618894448
0.04686603934678698
0.04718565574049449
0.04750733804097627
0.04783109899435266
0.04815695142231971
