2.578949564936503e-07
3.380239537564304e-07
4.3539178609164256e-07
5.525065986593229e-07
6.921128442849462e-07
8.572267639407227e-07
1.0511501834421152e-06
1.2774940014485611e-06
1.5401999324034048e-06
1.843564729170419e-06
2.192265492143389e-06
2.591386661059927e-06
3.046448598061072e-06
3.5634379126378373e-06
4.148839602649396e-06
4.809671117558111e-06
5.5535184458914405e-06
6.388574337171757e-06
7.3236787730467205e-06
8.368361808431121e-06
9.532888909405977e-06
1.082830892097994e-05
1.2266504804467955e-05
1.3860247291162192e-05
1.5623251606322615e-05
1.7570237425100196e-05
1.9716992230046487e-05
2.2080438248253316e-05
2.4678703154914092e-05
2.7531194739370332e-05
3.0658679739270354e-05
3.408336705861257e-05
3.782899559600165e-05
4.192092692050567e-05
4.638624304409675e-05
5.125384955179859e-05
5.6554584363345156e-05
6.2321332413476e-05
6.858914655189043e-05
7.539537497846591e-05
8.277979554457741e-05
9.078475726736491e-05
9.945532942035054e-05
0.00010883945858157441
0.000118988134038307
0.0001299555619669327
0.00014179934882632613
0.00015458069442417057
0.00016836459513749102
0.0001832200577916611
0.00019922032472609942
0.00021644311059998303
0.00023497085151754453
0.0002548909670799938
0.00027629613599978043
0.0002992845859430323
0.00032396039829728766
0.0003504338285946595
0.00037882164335473076
0.00040924747414760703
0.00044184218971492814
0.0004767442870260619
0.0005141003021877148
0.000554065242168096
0.0005968030383417768
0.0006424870229081863
0.0006913004292858579
0.0007434369176357909
0.0007991011267208838
0.0008585092533645311
0.0009218896608299322
0.0009894835175030376
0.0010615454673259396
0.0011383443334944902
0.0012201638570037818
0.001307303471698248
0.0014000791175594188
0.0014988240940442578
0.0016038899553702636
0.0017156474497307718
0.001834487504514865
0.0019608222597013716
0.0020950861516960398
0.002237737049984493
0.0023892574490824115
0.0025501557183774705
0.002720967412576212
0.0029022566455924816
0.0030946175308436187
0.0032986756910553536
0.0035150898408174273
0.003744553445279459
0.003987796458530215
0.0042455871453643814
0.004518733990308399
0.004808087697953632
0.005114543288824907
0.005439042295209747
0.005782575061565564
0.006146183154338164
0.006530961886237436
0.006938062960246707
0.007368697238878004
0.007824137644435104
0.008305722196303714
0.00881485719156044
0.009353020535472671
0.009921765228758742
0.01052272301878335
0.011157608222186838
0.011828221726781225
0.01253645518089724
0.013284295378732124
0.0140738288506301
0.014907246667627102
0.015786849470005748
0.016715052730044123
0.017694392259593045
0.018727529973592127
0.019817259921128552
0.020966514596158965
0.02217837154055408
0.0234560602526871
0.024802969415376023
0.026222654457600626
0.027718845465055684
0.02929545545527151
0.03095658903372048
0.03270655144809189
0.034549858058531425
0.03649124424301101
0.038535675755537416
0.040688359564818664
0.042954755166019355
0.04534058650160552
0.047851854063009194
