4.4981296269900407e-07
5.085473485842155e-07
5.728901248842324e-07
6.432199212394238e-07
7.199324950050868e-07
8.034426225708647e-07
8.941844067468077e-07
9.926121040712656e-07
1.099200819433612e-06
1.2144472706368012e-06
1.3388705613103896e-06
1.4730129819134315e-06
1.617440833647816e-06
1.7727452777360894e-06
1.939543210212959e-06
2.118478163100355e-06
2.3102212326394267e-06
2.5154720353344092e-06
2.734959692562318e-06
2.9694438445249268e-06
3.21971569434141e-06
3.486599083090667e-06
3.7709515966457256e-06
4.073665705149152e-06
4.395669936010274e-06
4.737930081320605e-06
5.1014504406084864e-06
5.487275099876328e-06
5.89648924788667e-06
6.330220530688056e-06
6.789640445395229e-06
7.275965774264251e-06
7.790460060128055e-06
8.334435124284533e-06
8.909252627956806e-06
9.516325678471565e-06
1.0157120481331285e-05
1.0833158039384682e-05
1.1546015900323798e-05
1.2297329953788031e-05
1.3088796279339316e-05
1.3922173046673497e-05
1.4799282469395008e-05
1.5722012813765846e-05
1.669232046384917e-05
1.7712232044510393e-05
1.878384660377187e-05
1.990933785605885e-05
2.1090956487903166e-05
2.2331032527718722e-05
2.363197778128769e-05
2.499628833469215e-05
2.642654712628162e-05
2.792542658972827e-05
2.9495691369599813e-05
3.114020111168296e-05
3.2861913329706064e-05
3.466388635052742e-05
3.654928233976405e-05
3.852137040988911e-05
4.0583529812918304e-05
4.273925321980938e-05
4.499215008878924e-05
4.734595012484313e-05
4.98045068326839e-05
5.237180116555122e-05
5.505194527226182e-05
5.78491863449843e-05
6.076791057026928e-05
6.381264718593401e-05
6.698807264645353e-05
7.029901489957887e-05
7.375045777696978e-05
7.734754550168908e-05
8.109558731548098e-05
8.500006222882204e-05
8.906662389680248e-05
9.33011056239656e-05
9.770952550135247e-05
0.00010229809167892033
0.00010707320777690008
0.00011204147843928822
0.00011720971503320628
0.00012258494149759955
0.0001281744003450369
0.0001339855588203538
0.00014002611522002798
0.00014630400537623726
0.0001528274093096492
0.00015960475805510294
0.00016664474066441898
0.00017395631139068178
0.00018154869705845706
0.00018943140462447753
0.00019761422893347356
0.00020610726067390734
0.00021492089453849423
0.00022406583759451546
0.000233553117869014
0.00024339409315413295
0.00025360046003792554
0.0002641842631661358
0.0002751579047405472
0.00028653415425963774
0.0002983261585074257
0.0003105474517964959
0.0003232119664713812
0.00033633404367856167
0.0003499284444095578
0.0003640103608236655
0.0003785954278571144
0.0003936997351255195
0.0004093398391266943
0.00042553277575106685
0.0004422960731070403
0.00045964776466892934
0.0004776064027551354
0.000496191072344537
0.0005154214052391534
0.0005353175945813887
0.0005559004097343218
0.0005771912115337378
0.0005992119679207195
0.000621985269963965
0.000645534348281019
0.0006698830898679963
0.0006950560553474807
0.0007210784966445394
0.0007479763751010509
0.0007757763800387127
0.0008045059477814304
0.0008341932811478966
0.0008648673694255839
0.0008965580088374901
0.0009292958235132929
0.0009631122869768867
0.0009980397441624067
0.0010341114339713318
0.0010713615123832884
0.00110982507613375
0.0011495381869718482
0.0011905378965120584
0.0012328622716936387
0.0012765504208621878
0.001321642520487833
0.0013681798425351046
0.0014162047824996691
0.0014657608881276508
0.0015168928888334315
0.0015696467258323626
0.001624069583005074
0.0016802099185104313
0.0017381174971647742
0.001797843423605117
0.0018594401762548076
0.0019229616421102022
0.0019884631523675892
0.002056001518909769
0.0021256350716726286
0.0021974236969116508
0.0022714288763898507
0.0023477137275080837
0.002426343044399872
0.002507383340012971
0.002590902889200689
0.0026769717728461853
0.0027656619230438623
0.0028570471693621174
0.0029512032862126715
0.003048208041351797
0.003148141245539921
0.003251084803385998
0.0033571227654042813
0.0034663413813112343
0.003578829154591381
0.0036946768983610813
0.0038139777925602935
0.003936827442502885
0.004063323938816529
0.004193567918804451
0.004327662629261264
0.0044657139907768595
0.004607830663561737
0.0047541241148295115
0.004904708687771383
0.005059701672160373
0.005219223376620171
0.005383397202600598
0.005552349720094192
0.005726210745137512
0.005905113419135567
0.0060891942900521525
0.00627859339550837
0.0064734543478325865
0.006673924421106995
0.006880154640255474
0.007092299872220056
0.007310518919272718
0.007534974614512013
0.0077658339195933335
0.008003268024744294
0.008247452451116691
0.008498567155528472
0.008756796637649668
0.00902233004968785
0.009295361308630078
0.009576089211098598
0.009864717550880515
0.010161455239190945
0.010466516427732319
0.010780120634612906
0.011102492873188688
0.011433863783895838
0.011774469769139881
0.012124553131312183
0.012484362214002696
0.012854151546482891
0.013234181991530898
0.013624720896675423
0.014026042248935174
0.014438426833132128
0.01486216239385969
0.015297543801187806
0.015744873220188756
0.016204460284370132
0.016676622273102727
0.01716168429313206
0.01765997946426763
0.018171849109340443
0.018697642948527934
0.01923771929814144
0.019792445273978564
0.02036219699934062
0.02094735981782223
0.021548328510976492
0.02216550752096932
0.02279931117832994
0.02345016393491517
0.024118500602202306
0.02480476659502972
0.025509418180908187
0.02623292273502512
0.026975759001071704
0.027738417358019966
0.028521400092984695
0.02932522168030515
0.030150409066984466
0.03099750196463009
0.031867053148038504
0.03275962876057289
0.03367580862648558
0.034616186570337784
0.03558137074367758
0.03657198395913413
0.037588664032095945
0.03863206413013969
0.03970285313038358
0.040801715984934754
0.041929354094640055
0.04308648569120158
0.04427384622832778
0.04549218878023587
0.04674228445494219
0.0480249227946548
