5.838216762542396e-07
6.19130689461027e-07
6.560361870860435e-07
6.945901827004615e-07
7.348458439193876e-07
7.768575970004963e-07
8.206811257162584e-07
8.663734011033542e-07
9.139927027800819e-07
9.635986431409751e-07
1.015252191185286e-06
1.0690156969181912e-06
1.1249529160609117e-06
1.1831290351525887e-06
1.2436106970267245e-06
1.3064660266739523e-06
1.3717646574946166e-06
1.439577757947116e-06
1.509978058597335e-06
1.5830398795747248e-06
1.6588391584406294e-06
1.7374534784745251e-06
1.8189620973838843e-06
1.9034459764434713e-06
1.990987810069923e-06
2.081672055837558e-06
2.1755849649413933e-06
2.272814613113468e-06
2.3734509319986106e-06
2.4775857409958424e-06
2.58531277957178e-06
2.6967277400523367e-06
2.8119283008991436e-06
2.9310141604776276e-06
3.0540870713218254e-06
3.1812508749064314e-06
3.3126115369262447e-06
3.4482771830978395e-06
3.588358135483669e-06
3.7329669493495666e-06
3.882218450561183e-06
4.036229773526938e-06
4.195120399694734e-06
4.359012196609833e-06
4.528029457541207e-06
4.7022989416841995e-06
4.881949914946827e-06
5.06711419132767e-06
5.25792617489317e-06
5.454522902362116e-06
5.657044086305596e-06
5.865632158970243e-06
6.08043231673337e-06
6.301592565197839e-06
6.529263764935701e-06
6.7635996778885235e-06
7.0047570144335305e-06
7.2528954811240154e-06
7.508177829113005e-06
7.770769903269085e-06
8.040840691993577e-06
8.318562377747915e-06
8.604110388301098e-06
8.897663448706007e-06
9.19940363401446e-06
9.509516422740754e-06
9.828190751082972e-06
1.0155619067912586e-05
1.0491997390541651e-05
1.0837525361278552e-05
1.1192406304781285e-05
1.1556847286221448e-05
1.1931059170261469e-05
1.2315256680875126e-05
1.2709658461988207e-05
1.3114487138991246e-05
1.3529969381101012e-05
1.3956335964601455e-05
1.4393821836968377e-05
1.4842666181890144e-05
1.5303112485197012e-05
1.5775408601709207e-05
1.625980682301766e-05
1.6756563946206777e-05
1.7265941343534682e-05
1.7788205033078968e-05
1.8323625750365807e-05
1.8872479020988574e-05
1.9435045234236004e-05
2.0011609717734335e-05
2.06024628131271e-05
2.1207899952791487e-05
2.1828221737624134e-05
2.24637340158845e-05
2.3114747963139425e-05
2.3781580163293693e-05
2.4464552690734082e-05
2.5163993193645304e-05
2.5880234978304968e-05
2.661361709491239e-05
2.736448442398748e-05
2.8133187764622457e-05
2.8920083923417458e-05
2.9725535804913622e-05
3.05499125031489e-05
3.1393589394495573e-05
3.225694823174876e-05
3.314037723949991e-05
3.404427121080383e-05
3.4969031605155854e-05
3.5915066647803024e-05
3.688279143039248e-05
3.787262801298986e-05
3.888500552747122e-05
3.992036028231687e-05
4.097913586881323e-05
4.206178326869543e-05
4.316876096323118e-05
4.43005350437794e-05
4.545757932383546e-05
4.664037545257632e-05
4.78494130299395e-05
4.908518972323652e-05
5.034821138533668e-05
5.163899217442906e-05
5.29580546753883e-05
5.43059300227649e-05
5.5683158025414696e-05
5.7090287292794417e-05
5.85278753629425e-05
5.9996488832160195e-05
6.14967034864259e-05
6.30291044345522e-05
6.459428624311546e-05
6.61928530731769e-05
6.782541881881747e-05
6.949260724751073e-05
7.119505214235326e-05
7.29333974461813e-05
7.470829740758936e-05
7.652041672888357e-05
7.837043071598356e-05
8.025902543030851e-05
8.218689784266017e-05
8.415475598913606e-05
8.61633191290971e-05
8.82133179052083e-05
9.030549450558826e-05
9.244060282808456e-05
9.461940864670958e-05
9.684268978024626e-05
9.911123626310227e-05
0.00010142585051831657
0.0001037873475329546
0.00010619655503567318
0.00010865431367668781
0.00011116147721005157
0.00011371891267832679
0.00011632750059965464
0.00011898813515727091
0.00012170172439148105
0.0001244691903941377
0.00012729146950564202
0.0001301695125145068
0.00013310428485950934
0.00013609676683446354
0.0001391479537956522
0.00014225885637193596
0.0001454305006775953
0.00014866392852790983
0.00015196019765753956
0.00015532038194171084
0.00015874557162027367
0.00016223687352463173
0.0001657954113076139
0.00016942232567629127
0.00017311877462780392
0.00017688593368821065
0.00018072499615441647
0.00018463717333920118
0.00018862369481940057
0.0001926858086872637
0.0001968247818050356
0.00020104190006280727
0.00020533846863965131
0.00020971581226812024
0.00021417527550210145
0.00021871822298812245
0.00022334603974009037
0.0002280601314175657
0.0002328619246075633
0.00023775286710995725
0.00024273442822651247
0.00024780809905360535
0.00025297539277865314
0.00025823784498032673
0.00026359701393256714
0.0002690544809124644
0.00027461185051204417
0.00028027075095400644
0.0002860328344114672
0.00029189977733174306
0.0002978732807642458
0.00030395507069251056
0.00031014689837043086
0.00031645054066273916
0.0003228678003897818
0.0003294005066766538
0.0003360505153067212
0.0003428197090796193
0.00034970999817373884
0.00035672332051329123
0.00036386164213998224
0.0003711269575893625
0.00037852129027190893
0.0003860466928588851
0.0003937052476730527
0.000401499067084275
0.00040943029391009474
0.0004175011018213056
0.00042571369575263496
0.00043407031231853426
0.0004425732202341941
0.0004512247207418072
0.00046002714804216523
0.0004689828697316444
0.0004780942872446315
0.0004873638363014937
0.0004967939873621056
0.0005063872460850407
0.0005161461537924852
0.0005260732879409188
0.0005361712625976728
0.0005464427289233957
0.0005568903756605159
0.0005675169296277825
0.0005783251562209226
0.0005893178599195285
0.0006004978848002208
0.0006118681150561613
0.0006234314755230228
0.0006351909322114436
0.000647149492846087
0.0006593102074113582
0.0006716761687038639
0.0006842505128917095
0.0006970364200806732
0.0007100371148874026
0.0007232558670196426
0.0007366959918636534
0.0007503608510788214
0.0007642538531996433
0.0007783784542450703
0.0007927381583353782
0.0008073365183166156
0.0008221771363927169
0.0008372636647653878
0.0008525998062818498
0.0008681893150905077
0.0008840359973047095
0.0009001437116745702
0.0009165163702671054
0.0009331579391546194
0.0009500724391115916
0.0009672639463200095
0.000984736593083414
0.001002494568549579
0.001020542119442111
0.001038883550800904
0.0010575232267316824
0.0010764655711646568
0.0010957150686224568
0.0011152762649973857
0.0011351537683381987
0.001155352249646383
0.0011758764436822127
0.0011967311497805362
0.0012179212326765448
0.0012394516233414992
0.0012613273198287176
0.0012835533881297015
0.0013061349630407815
0.0013290772490401673
0.0013523855211757146
0.0013760651259633932
0.0014001214822966692
0.0014245600823668918
0.0014493864925948152
0.0014746063545733794
0.00150022538602194
0.0015262493817519312
0.0015526842146443317
0.0015795358366387964
0.0016068102797348305
0.0016345136570049793
0.0016626521636202891
0.0016912320778880556
0.0017202597623021728
0.00174974166460605
0.0017796843188683411
0.0018100943465716927
0.0018409784577144534
0.0018723434519257597
0.0019041962195939486
0.0019365437430085308
0.001969393097515925
0.0020027514526889775
0.0020366260735106387
0.002071024321571668
0.0021059536562828894
0.0021414216361017825
0.0021774359197739256
0.0022140042675891976
0.002251134542653036
0.002288834712172972
0.0023271128487604175
0.0023659771317481523
0.002405435848523449
0.002445497395877174
0.0024861702813689726
0.00252746312470878
0.0025693846591547083
0.0026119437329278072
0.0026551493106434045
0.0026990104747597853
0.0027435364270439236
0.002788736490054734
0.002834620108644007
0.0028811968514751503
0.002928476412559971
0.002976468612813845
0.0030251834016291395
0.0030746308584676443
0.003124821194471509
0.0031757647540937477
0.0032274720167476457
0.0032799535984760686
0.0033332202536403973
0.0033872828766294593
0.0034421525035888173
0.0034978403141704
0.0035543576333029706
0.0036117159329834285
0.003669926834089386
0.0037290021082131007
0.0037889536795171685
0.0038497936266120502
0.003911534184455821
0.003974187746276375
0.0040377668655162
0.004102284257800303
0.004167752802927026
0.004234185546882725
0.004301595703879798
0.004369996658419048
0.004439401967376069
0.004509825362112391
0.004581280750611367
0.004653782219639148
0.004727344036931224
0.004801980653404442
0.004877706705395261
0.004954537016924065
0.005032486601986246
0.005111570666870136
0.0051918046125018465
0.00527320403681857
0.005355784737167811
0.005439562712737313
0.00552455416701107
0.005610775510255624
0.005698243362034799
0.005786974553754088
0.005876986131234792
0.0059682953573182325
0.006060919714500417
0.006154876907597579
0.0062501848664427324
0.006346861748613851
0.006444925942193857
0.006544396068562851
0.006645290985222768
0.006747629788655421
0.006851431817213217
0.006956716654044237
0.007063504130050927
0.007171814326883591
0.00728166757996839
0.007393084481571052
0.0075060858838958315
0.007620692902220719
0.007736926918069193
0.007854809582418574
0.007974362818946066
0.008095608827312138
0.008218570086482309
0.00834326935808739
0.00846972968982282
0.008597974418887254
0.008728027175461471
0.00885991188622702
0.008993652777926318
0.009129274380963478
0.009266801533047223
0.009406259382875785
0.009547673393864588
0.009691069347917114
0.009836473349239221
0.009983911828197885
0.010133411545224302
0.010284999594762279
0.010438703409262238
0.01059455076322142
0.010752569777270448
0.01091278892230779
0.011075237023681102
0.0112399432654174
0.011406937194502023
0.011576248725206547
0.011747908143467104
0.0119219461113129
0.012098393671345723
0.012277282251271344
0.012458643668482754
0.012642510134696566
0.012828914260642341
0.013017889060806373
0.013209467958229562
0.013403684789360978
0.013600573808966664
0.01380016969509551
0.014002507554101436
0.014207622925724243
0.014415551788227643
0.014626330563597436
0.014839996122798573
0.015056585791092729
0.015276137353417327
0.015498689059825361
0.01572427963098859
0.015952948263763082
0.01618473463681886
0.01641967891633394
0.016657821761753816
0.016899204331616336
0.017143868289444072
0.017391855809703233
0.017643209583831587
0.017897972826334582
0.018156189280951883
0.018417903226893646
0.01868315948514884
0.01895200342486505
0.019224480969801363
0.019500638604855118
0.019780523382662774
0.020064182930276526
0.02035166545591682
0.020643019755801986
0.020938295221055864
0.021237541844693866
0.021540810228689273
0.02184815159111908
0.022159617773392565
0.022475261247560756
0.022795135123710366
0.02311929315744099
0.023447789757427995
0.023780679993071284
0.02411801960223055
0.024459864999049653
0.024806273281868615
0.025157302241226715
0.025513010367955488
0.025873456861364393
0.026238701637519818
0.026608805337615896
0.02698382933644414
0.027363835750954912
0.027748887448919735
0.02813904805768911
0.028534381973051623
0.02893495436819226
0.02934083120275263
0.029752079231994234
0.030168766016064944
0.03059095992937081
0.031018730170054045
0.03145214676957786
0.03189128060242054
0.03233620339587831
0.032786987739979886
0.033243707097513044
0.03370643581416358
0.034175249128770596
0.034650223183696496
0.03513143503531395
0.03561896266461252
0.03611288498792426
0.036613281867770055
0.03712023412382948
0.037633823544033926
0.03815413289578407
0.03868124593729597
0.039215247429072696
0.03975622314550719
0.04030425988661489
0.04085944548989923
0.04142186884234992
0.04199161989257804
0.04256878966308555
0.04315347026267557
0.04374575489899946
0.04434573789124813
0.04495351468298445
0.045569181855116346
0.04619283713903876
0.04682457942982924
0.04746450879995388
0.04811272651175381
