1.000000000000000000e+00
9.999678583712332536e-01
9.999357600421314718e-01
9.999037136231708756e-01
9.998717191168303708e-01
9.998397765255854219e-01
9.998078858519069412e-01
9.997760470982621772e-01
9.997442602671150480e-01
9.997125253609246975e-01
9.996808423821467171e-01
9.996492113332331453e-01
9.996176320196881182e-01
9.995861037649740322e-01
9.995546265142319919e-01
9.995232002698550833e-01
9.994918250342336163e-01
9.994605008097532384e-01
9.994292275987961549e-01
9.993980054037409078e-01
9.993668342269621530e-01
9.993357140708307718e-01
9.993046613301624914e-01
9.992736383789988519e-01
9.992426663586425617e-01
9.992117451845362597e-01
9.991808747721132589e-01
9.991500550367981015e-01
9.991192858940063370e-01
9.990885672591449662e-01
9.990578990476113308e-01
9.990272811747947790e-01
9.989967135560751110e-01
9.989661960729163681e-01
9.989357284841217099e-01
9.989053106744560928e-01
9.988749425464298337e-01
9.988446240025434797e-01
9.988143549452876968e-01
9.987841352771443804e-01
9.987539649005858777e-01
9.987238437180747663e-01
9.986937716320646308e-01
9.986637485449998408e-01
9.986337743593149963e-01
9.986038489774359261e-01
9.985739723017788005e-01
9.985441442347507968e-01
9.985143646787498772e-01
9.984846335361645675e-01
9.984549507093742893e-01
9.984253161007496935e-01
9.983957296126518832e-01
9.983661911474331907e-01
9.983367006074362893e-01
9.983072578949955256e-01
9.982778629124359204e-01
9.982485155620731687e-01
9.982192157462144166e-01
9.981899633671575955e-01
9.981607583271918660e-01
9.981316005285972848e-01
9.981024898736453599e-01
9.980734262645980515e-01
9.980444096130084430e-01
9.980154400155024641e-01
9.979865174676104678e-01
9.979576418923787884e-01
9.979288132128456557e-01
9.979000313520420828e-01
9.978712962329909786e-01
9.978426077787079240e-01
9.978139659122011729e-01
9.977853705564709852e-01
9.977568216345102936e-01
9.977283190693041481e-01
9.976998627838308265e-01
9.976714527010602795e-01
9.976430887439555750e-01
9.976147708354720089e-01
9.975864988985574389e-01
9.975582728561525059e-01
9.975300926311901906e-01
9.975019581465962570e-01
9.974738693252889199e-01
9.974458260901793993e-01
9.974178283641710330e-01
9.973898760701601640e-01
9.973619691310358082e-01
9.973341074696795427e-01
9.973062910097111322e-01
9.972785196924868201e-01
9.972507934503545002e-01
9.972231122081836041e-01
9.971954758908365690e-01
9.971678844231685046e-01
9.971403377300277482e-01
9.971128357362551986e-01
9.970853783666849823e-01
9.970579655461441204e-01
9.970305971994526395e-01
9.970032732514236828e-01
9.969759936268629552e-01
9.969487582505698331e-01
9.969215670473360325e-01
9.968944199419471630e-01
9.968673168591812850e-01
9.968402577238095752e-01
9.968132424605969932e-01
9.967862709943006161e-01
9.967593432496715256e-01
9.967324591514534760e-01
9.967056186243836713e-01
9.966788215931923212e-01
9.966520679826029738e-01
9.966253577173322942e-01
9.965986907231391134e-01
9.965720669561619616e-01
9.965454863583639300e-01
9.965189488579339061e-01
9.964924543830543380e-01
9.964660028619009013e-01
9.964395942226429437e-01
9.964132283934431511e-01
9.963869053024578815e-01
9.963606248778372754e-01
9.963343870477245900e-01
9.963081917402568655e-01
9.962820388835647023e-01
9.962559284057724840e-01
9.962298602349979326e-01
9.962038342993524420e-01
9.961778505269414108e-01
9.961519088458633542e-01
9.961260091842110143e-01
9.961001514700702497e-01
9.960743356315214792e-01
9.960485615966377937e-01
9.960228292934869554e-01
9.959971386501297319e-01
9.959714895946211177e-01
9.959458820550096680e-01
9.959203183309698337e-01
9.958947932917751045e-01
9.958693096392086108e-01
9.958438673015136411e-01
9.958184662070546089e-01
9.957931062843182746e-01
9.957677874619123015e-01
9.957425096685664778e-01
9.957172728331323830e-01
9.956920768845830549e-01
9.956669217520132120e-01
9.956418073646402522e-01
9.956167336518018107e-01
9.955917005429587574e-01
9.955667079676931985e-01
9.955417558557092539e-01
9.955168441368325016e-01
9.954919727410111996e-01
9.954671415983146199e-01
9.954423506389348253e-01
9.954175997931855591e-01
9.953928889915023559e-01
9.953682181644428750e-01
9.953435872426867892e-01
9.953189961570361177e-01
9.952944448384146714e-01
9.952699332183573278e-01
9.952454612509110676e-01
9.952210288813437833e-01
9.951966360431492298e-01
9.951722826699821445e-01
9.951479686956579140e-01
9.951236940541532405e-01
9.950994586796055863e-01
9.950752625063138401e-01
9.950511054687378731e-01
9.950269875014985388e-01
9.950029085393781170e-01
9.949788685173196479e-01
9.949548673704280422e-01
9.949309050339686378e-01
9.949069814433681991e-01
9.948830965342155830e-01
9.948592502422597406e-01
9.948354425034113824e-01
9.948116732537429785e-01
9.947879424294876483e-01
9.947642499670403815e-01
9.947405958029572615e-01
9.947169798739559088e-01
9.946934021169153706e-01
9.946698624688758983e-01
9.946463608670396139e-01
9.946228972487700659e-01
9.945994715515918960e-01
9.945760837131918386e-01
9.945527336714177213e-01
9.945294213642793535e-01
9.945061467299477487e-01
9.944829097067556800e-01
9.944597102331975691e-01
9.944365482479297080e-01
9.944134236897697043e-01
9.943903364976971471e-01
9.943672866108531627e-01
9.943442739685404153e-01
9.943212985102239942e-01
9.942983601755301937e-01
9.942754589042472890e-01
9.942525946363250933e-01
9.942297673118758450e-01
9.942069768711730982e-01
9.941842232546526104e-01
9.941615064029120097e-01
9.941388262567104617e-01
9.941161827569693354e-01
9.940935758447723147e-01
9.940710054613645097e-01
9.940484715479420696e-01
9.940259740279735468e-01
9.940035128303510437e-01
9.939810878952287654e-01
9.939586991628911461e-01
9.939363465737516279e-01
9.939140300683541041e-01
9.938917495873713648e-01
9.938695050716062074e-01
9.938472964619911032e-01
9.938251236995885307e-01
9.938029867255903094e-01
9.937808854813181547e-01
9.937588199082234564e-01
9.937367899478877220e-01
9.937147955420218004e-01
9.936928366324668804e-01
9.936709131611936030e-01
9.936490250703026161e-01
9.936271723020242419e-01
9.936053547987192536e-01
9.935835725028776544e-01
9.935618253571197878e-01
9.935401133041960042e-01
9.935184362869862174e-01
9.934967942485006809e-01
9.934751871318795446e-01
9.934536148803928546e-01
9.934320774374408858e-01
9.934105747465534764e-01
9.933891067513914708e-01
9.933676733957449434e-01
9.933462746235344198e-01
9.933249103788104328e-01
9.933035806057536332e-01
9.932822852486746790e-01
9.932610242520149013e-01
9.932397975603451945e-01
9.932186051183671260e-01
9.931974468709120485e-01
9.931763227629420987e-01
9.931552327395488655e-01
9.931341767459549441e-01
9.931131547275128257e-01
