1.000000000000000021e-03
9.968213378682951389e-04
9.936527351182039731e-04
9.904942441412249981e-04
9.873458062481100909e-04
9.842074049133901076e-04
9.810790327888269276e-04
9.779605739479555089e-04
9.748520904182135082e-04
9.717535343342349578e-04
9.686648654242462032e-04
9.655860468662504038e-04
9.625170418382439971e-04
9.594578135182301425e-04
9.564083250842053859e-04
9.533685397141728867e-04
9.503384234360958728e-04
9.473179583646178454e-04
9.443071164840184184e-04
9.413058673824704556e-04
9.383141806481535424e-04
9.353320258692406509e-04
9.323593726339111497e-04
9.293961906704736355e-04
9.264424497707856969e-04
9.234981196040617079e-04
9.205631698394786374e-04
9.176375701462070574e-04
9.147212901934239368e-04
9.118142998722500187e-04
9.089165706818825652e-04
9.060280732098691765e-04
9.031487777549628568e-04
9.002786546159099968e-04
8.974176740914638177e-04
8.945658064803706016e-04
8.917230269119825982e-04
8.888892974442176055e-04
8.860645960049859165e-04
8.832488931229071170e-04
8.804421594213179955e-04
8.776443656182596415e-04
8.748554826683580931e-04
8.720754829260017474e-04
8.693043381122431698e-04
8.665420197771805293e-04
8.637884995959337325e-04
8.610437493686397617e-04
8.583077410204482298e-04
8.555804466015318969e-04
8.528618382870744186e-04
8.501518883772831402e-04
8.474505692973757602e-04
8.447578535975937752e-04
8.420737139531893605e-04
8.393981230968268828e-04
8.367310530513125382e-04
8.340724763716366287e-04
8.314223659433760344e-04
8.287806947576847492e-04
8.261474359112818463e-04
8.235225626064630790e-04
8.209060481510896054e-04
8.182978659585994803e-04
8.156979895479957296e-04
8.131063925438582760e-04
8.105230486763324469e-04
8.079479317811401416e-04
8.053810157514018978e-04
8.028222737560200420e-04
8.002716794105255290e-04
7.977292066816800767e-04
7.951948296221976985e-04
7.926685223707406920e-04
7.901502591519296136e-04
7.876400142763314606e-04
7.851377621404719226e-04
7.826434772268232387e-04
7.801571341038155815e-04
7.776787074258265401e-04
7.752081719331910953e-04
7.727455024466399871e-04
7.702906737312576043e-04
7.678436606840720541e-04
7.654044383383443737e-04
7.629729818098425183e-04
7.605492662968520948e-04
7.581332670801654112e-04
7.557249595230925354e-04
7.533243190714502364e-04
7.509313212535728265e-04
7.485459416803018611e-04
7.461681560449960051e-04
7.437979401235211667e-04
7.414351793051469344e-04
7.390800553243624194e-04
7.367324230491322174e-04
7.343922594338301571e-04
7.320595414328355966e-04
7.297342460005222563e-04
7.274163500912680849e-04
7.251058306594509225e-04
7.228026646594448148e-04
7.205068290456289031e-04
7.182183007723770161e-04
7.159370567940682951e-04
7.136630740650768941e-04
7.113963295431737725e-04
7.091368004571046470e-04
7.068844639953517604e-04
7.046392971973659608e-04
7.024012771026030832e-04
7.001703807505141926e-04
6.979465851805550158e-04
6.957298674321764007e-04
6.935202045448342909e-04
6.913175735579796428e-04
6.891219516895269936e-04
6.869333182944687213e-04
6.847516515822060952e-04
6.825769291795695005e-04
6.804091287133935510e-04
6.782482278105085235e-04
6.760942040977493571e-04
6.739470352019458948e-04
6.718066987499320998e-04
6.696731723685413933e-04
6.675464342552486037e-04
6.654264649416438823e-04
6.633132430511514809e-04
6.612067469029673291e-04
6.591069548162825859e-04
6.570138451102931808e-04
6.549273961041902729e-04
6.528475861171696834e-04
6.507743934684227880e-04
6.487077964771451911e-04
6.466477931809652214e-04
6.445943202693753260e-04
6.425473846433372950e-04
6.405069647790876709e-04
6.384730392214065832e-04
6.364455865836275055e-04
6.344245855476273897e-04
6.324100148638366406e-04
6.304018533512292495e-04
6.284000798975426707e-04
6.264046749782092860e-04
6.244156193567155632e-04
6.224328925733917366e-04
6.204564742575649928e-04
6.184863441275510135e-04
6.165224819906624330e-04
6.145648677432005973e-04
6.126134813704623957e-04
6.106683029467377660e-04
6.087293126353059006e-04
6.067964906884431610e-04
6.048698174474142954e-04
6.029492733424811129e-04
6.010348388928939177e-04
5.991264947068997496e-04
5.972242214817343603e-04
5.953280000036304540e-04
5.934378111478092301e-04
5.915536358784886234e-04
5.896754552488752809e-04
5.878032499624608010e-04
5.859369996131792409e-04
5.840766850912368835e-04
5.822222874802113722e-04
5.803737879382140459e-04
5.785311676978812647e-04
5.766944080663835180e-04
5.748634904254160995e-04
5.730383962312082151e-04
5.712191070145143093e-04
5.694056043806224130e-04
5.675978700093459043e-04
5.657958856550307719e-04
5.639996331465523633e-04
5.622090943873125652e-04
5.604242513552466342e-04
5.586450861028152822e-04
5.568715807570128080e-04
5.551037175193589655e-04
5.533414786659068786e-04
5.515848464552222490e-04
5.498338016992748972e-04
5.480883260579261706e-04
5.463484017645079413e-04
5.446140111114915151e-04
5.428851364504947872e-04
5.411617601922756289e-04
5.394438648067385010e-04
5.377314328229272980e-04
5.360244468290330461e-04
5.343228894723860969e-04
5.326267434594638252e-04
5.309359915558829312e-04
5.292506165864070298e-04
5.275706014349394951e-04
5.258959290445302907e-04
5.242265824173689224e-04
5.225625446147909433e-04
5.209037987572751353e-04
5.192503280244414486e-04
5.176021156550532788e-04
5.159591447205921430e-04
5.143213982371906039e-04
5.126888595413222000e-04
5.110615120261479804e-04
5.094393391403629137e-04
5.078223243882030438e-04
5.062104513294388760e-04
5.046037035793817741e-04
5.030020648088773466e-04
5.014055187443124941e-04
4.998140491676081451e-04
4.982276399162263031e-04
4.966462748831633250e-04
4.950699380169566429e-04
4.934986133216776082e-04
4.919322848569391898e-04
4.903709367378881676e-04
4.888145531352125050e-04
4.872631182751345187e-04
4.857166164394174381e-04
4.841750318825862437e-04
4.826383485900093118e-04
4.811065508896272347e-04
4.795796232054792439e-04
4.780575500135782413e-04
4.765403158419163833e-04
4.750279052704628577e-04
4.735203029311611735e-04
4.720174935079352323e-04
4.705194617366824437e-04
4.690261924052803932e-04
4.675376703535803909e-04
4.660538804734139229e-04
4.645748077085860373e-04
4.631004370548821207e-04
4.616307535600611221e-04
4.601657423238621658e-04
4.587053884979980472e-04
4.572496772861617373e-04
4.557985939440198776e-04
4.543521237699039831e-04
4.529102518300206484e-04
4.514729633440316245e-04
4.500402437016733375e-04
4.486120783409572365e-04
4.471884527481634515e-04
4.457693524578469190e-04
4.443547630528312019e-04
4.429446701642147780e-04
4.415390594713647517e-04
4.401379167019222748e-04
4.387412276318003782e-04
4.373489780851820747e-04
4.359611539345224188e-04
4.345777411005495366e-04
4.331987255522633793e-04
