3.000000000000000000e+00
2.999879469248460495e+00
2.999759102051679616e+00
2.999638930545159177e+00
2.999518954728898734e+00
2.999399174602898732e+00
2.999279590167159171e+00
2.999160201421679162e+00
2.999041008366460037e+00
2.998922011001500909e+00
2.998803209326801777e+00
2.998684603342363530e+00
2.998566192319298551e+00
2.998447973744769346e+00
2.998329947406867202e+00
2.998212113305591675e+00
2.998094471440943209e+00
2.997977021812921805e+00
2.997859764421527462e+00
2.997742699266759292e+00
2.997625826348618627e+00
2.997509145667105024e+00
2.997392717898037517e+00
2.997276403761444996e+00
2.997160281503249202e+00
2.997044350801773671e+00
2.996928611335341941e+00
2.996813062782279324e+00
2.996697704820908914e+00
2.996582537129555135e+00
2.996467559386541524e+00
2.996352771270193394e+00
2.996238172458833393e+00
2.996123762505061627e+00
2.996009540506713531e+00
2.995895506028729560e+00
2.995781658701881511e+00
2.995667998156942069e+00
2.995554524024682586e+00
2.995441235935875302e+00
2.995328133521292013e+00
2.995215216411704517e+00
2.995102484237885054e+00
2.994989936630605865e+00
2.994877573220638300e+00
2.994765393638754603e+00
2.994653397515727011e+00
2.994541584482326879e+00
2.994429954169326891e+00
2.994318506207498398e+00
2.994207240227613198e+00
2.994096155860443975e+00
2.993985252736762526e+00
2.993874530487341090e+00
2.993763988742950577e+00
2.993653627134363671e+00
2.993543445292352612e+00
2.993433442847688752e+00
2.993323619431144333e+00
2.993213974673491151e+00
2.993104508205501446e+00
2.992995219657947015e+00
2.992886108661600097e+00
2.992777174847232047e+00
2.992668417879912113e+00
2.992559838107295977e+00
2.992451435504192681e+00
2.992343209778108637e+00
2.992235160636548486e+00
2.992127287787019085e+00
2.992019590937024631e+00
2.991912069794071094e+00
2.991804724065664001e+00
2.991697553459308878e+00
2.991590557682510809e+00
2.991483736442775765e+00
2.991377089447609272e+00
2.991270616404515970e+00
2.991164317021002717e+00
2.991058191004573708e+00
2.990952238062734914e+00
2.990846457902992306e+00
2.990740850232850523e+00
2.990635414759815536e+00
2.990530151191392871e+00
2.990425059235088057e+00
2.990320138598406174e+00
2.990215388988852752e+00
2.990110810113933759e+00
2.990006401681154280e+00
2.989902163400719459e+00
2.989798095047103033e+00
2.989694196362175038e+00
2.989590467060740941e+00
2.989486906857607540e+00
2.989383515467580743e+00
2.989280292605467348e+00
2.989177237986072821e+00
2.989074351324203960e+00
2.988971632334667117e+00
2.988869080732267758e+00
2.988766696231813125e+00
2.988664478548108683e+00
2.988562427395961674e+00
2.988460542490177119e+00
2.988358823545561815e+00
2.988257270276922117e+00
2.988155882399064378e+00
2.988054659626794507e+00
2.987953601674918858e+00
2.987852708258243783e+00
2.987751979091575638e+00
2.987651413889720331e+00
2.987551012367484216e+00
2.987450774239673645e+00
2.987350699221094974e+00
2.987250787030389265e+00
2.987151037497290496e+00
2.987051450399729191e+00
2.986952025465296590e+00
2.986852762421583929e+00
2.986753660996184223e+00
2.986654720916688710e+00
2.986555941910688627e+00
2.986457323705776545e+00
2.986358866029544146e+00
2.986260568609583110e+00
2.986162431173485565e+00
2.986064453448843192e+00
2.985966635163247229e+00
2.985868976044290246e+00
2.985771475819563925e+00
2.985674134216659947e+00
2.985576950963169995e+00
2.985479925786685751e+00
2.985383058414799784e+00
2.985286348575103776e+00
2.985189795995188522e+00
2.985093400402647035e+00
2.984997161525070553e+00
2.984901079090050757e+00
2.984805152825179775e+00
2.984709391134861445e+00
2.984613775238693201e+00
2.984518315012383738e+00
2.984423010184316105e+00
2.984327860483338757e+00
2.984232865638769550e+00
2.984138025380392634e+00
2.984043339438459785e+00
2.983948807543689963e+00
2.983854429427270194e+00
2.983760204820854689e+00
2.983666133456565284e+00
2.983572215066990552e+00
2.983478449385187137e+00
2.983384836144679753e+00
2.983291375079458962e+00
2.983198065923983400e+00
2.983104908413180212e+00
2.983011902282442396e+00
2.982919047267631463e+00
2.982826343105076106e+00
2.982733789531572643e+00
2.982641386284383245e+00
2.982549133101240812e+00
2.982457029720341879e+00
2.982365075880353711e+00
2.982273271322201769e+00
2.982181615869316182e+00
2.982090109312979909e+00
2.981998751401349068e+00
2.981907541883189516e+00
2.981816480507876399e+00
2.981725567025394596e+00
2.981634801186336947e+00
2.981544182741906912e+00
2.981453711443917243e+00
2.981363387044789093e+00
2.981273209297553350e+00
2.981183177955851082e+00
2.981093292773930870e+00
2.981003553506652803e+00
2.980913959909484490e+00
2.980824511738503713e+00
2.980735208750397547e+00
2.980646050702461913e+00
2.980557037352602467e+00
2.980468168459334599e+00
2.980379443781782101e+00
2.980290863079678498e+00
2.980202426113367054e+00
2.980114132643799429e+00
2.980025982432537024e+00
2.979937975241751413e+00
2.979850110834221688e+00
2.979762388973338449e+00
2.979674809423099813e+00
2.979587371948114072e+00
2.979500076313598811e+00
2.979412922285380905e+00
2.979325909629895630e+00
2.979239038114188887e+00
2.979152307505915864e+00
2.979065717573339711e+00
2.978979268085334642e+00
2.978892958811382830e+00
2.978806789521575737e+00
2.978720759986615896e+00
2.978634869977813349e+00
2.978549119267088319e+00
2.978463507626969431e+00
2.978378034830595933e+00
2.978292700651715919e+00
2.978207504864685440e+00
2.978122447244472948e+00
2.978037527566652631e+00
2.977952745607410634e+00
2.977868101143541502e+00
2.977783593952448626e+00
2.977699223811379081e+00
2.977614990433177677e+00
2.977530893550423219e+00
2.977446932936640867e+00
2.977363108365849165e+00
2.977279419612556488e+00
2.977195866451764150e+00
2.977112448658965072e+00
2.977029166010142891e+00
2.976946018281773298e+00
2.976863005250824479e+00
2.976780126694755779e+00
2.976697382391517266e+00
2.976614772119551500e+00
2.976532295657793536e+00
2.976449952785667818e+00
2.976367743283092615e+00
2.976285666930476470e+00
2.976203723508720866e+00
2.976121912799217117e+00
2.976040234583850363e+00
2.975958688644995132e+00
2.975877274765519775e+00
2.975795992728782480e+00
2.975714842318633924e+00
2.975633823319416837e+00
2.975552935515964670e+00
2.975472178693603365e+00
2.975391552638149584e+00
2.975311057135912041e+00
2.975230691973691943e+00
2.975150456938781218e+00
2.975070351818963843e+00
2.974990376402514514e+00
2.974910530478200865e+00
2.974830813835281251e+00
2.974751226263506521e+00
2.974671767553118684e+00
2.974592437494851360e+00
2.974513235879928885e+00
2.974434162500069867e+00
2.974355217147481856e+00
2.974276399614865340e+00
2.974197709695412417e+00
