2.584501169621944427e-02 6.068188231438398361e-03 -6.999706029891967773e-01 4.522162550684973893e-03
2.356654405593872070e-02 5.203045438975095749e-03 -6.652408838272094727e-01 4.140434014011852570e-03
2.149801887571811676e-02 4.464387428015470505e-03 -6.319671869277954102e-01 3.789233857803978815e-03
1.961943879723548889e-02 3.833322320133447647e-03 -6.001013517379760742e-01 3.466035327603429750e-03
1.791276969015598297e-02 3.293838584795594215e-03 -5.695956349372863770e-01 3.168579558245918169e-03
1.636174879968166351e-02 2.832352416589856148e-03 -5.404032468795776367e-01 2.894997972590632879e-03
1.495170872658491135e-02 2.437338000163435936e-03 -5.124777555465698242e-01 2.643221787914404146e-03
1.366940420120954514e-02 2.099006203934550285e-03 -4.857742488384246826e-01 2.411604044596365147e-03
1.250288169831037521e-02 1.809038803912699223e-03 -4.602482616901397705e-01 2.198377945378686849e-03
1.144134253263473511e-02 1.560364384204149246e-03 -4.358564615249633789e-01 2.002143248357593670e-03
1.047503110021352768e-02 1.346965902484953403e-03 -4.125564098358154297e-01 1.821718323887453698e-03
9.595127776265144348e-03 1.163721084594726562e-03 -3.903068006038665771e-01 1.655920184890402862e-03
8.793655782938003540e-03 1.006267266348004341e-03 -3.690673708915710449e-01 1.503540855322907160e-03
8.063399232923984528e-03 8.708859095349907875e-04 -3.487989008426666260e-01 1.363545946702775496e-03
7.397830486297607422e-03 7.544056279584765434e-04 -3.294633328914642334e-01 1.234987096634110760e-03
6.791035179048776627e-03 6.541201728396117687e-04 -3.110238611698150635e-01 1.116773817419731670e-03
6.237659603357315063e-03 5.677193985320627689e-04 -2.934447228908538818e-01 1.008369874502772559e-03
5.732852034270763397e-03 4.932292504236102104e-04 -2.766912281513214111e-01 9.088907239085136256e-04
5.272216163575649261e-03 4.289627831894904375e-04 -2.607300579547882080e-01 8.173766547032038435e-04
4.851764533668756485e-03 3.734769416041672230e-04 -2.455290406942367554e-01 7.334003942844100716e-04
4.467881284654140472e-03 3.255369665566831827e-04 -2.310569882392883301e-01 6.563852240762084326e-04
4.117285367101430893e-03 2.840855740942060947e-04 -2.172840982675552368e-01 5.854909152618705589e-04
3.796998877078294754e-03 2.482170821167528629e-04 -2.041816562414169312e-01 5.201248927715958637e-04
3.504319349303841591e-03 2.171552332583814859e-04 -1.917218714952468872e-01 4.596615136618002577e-04
3.236790420487523079e-03 1.902341609820723534e-04 -1.798784136772155762e-01 4.033137860565213931e-04
2.992182737216353416e-03 1.668826007517054677e-04 -1.686256676912307739e-01 3.502789494691153460e-04
2.768469508737325668e-03 1.466100511606782675e-04 -1.579393297433853149e-01 2.995213350777409657e-04
2.563808113336563110e-03 1.289951469516381621e-04 -1.477960050106048584e-01 2.498668730583249718e-04
2.376524033024907112e-03 1.136757491622120142e-04 -1.381733268499374390e-01 1.991955526768476121e-04
2.205094322562217712e-03 1.003404613584280014e-04 -1.290498524904251099e-01 1.446416184657461858e-04
2.048132708296179771e-03 8.872123726177960634e-05 -1.204050555825233459e-01 8.137099178784023786e-05
1.904378994368016720e-03 7.858742901589721441e-05 -1.122193336486816406e-01 0.000000000000000000e+00
