1.000000083403040474e+00
1.000000080165993621e+00
1.000000079475944492e+00
1.000000076267685500e+00
1.000000075708100900e+00
1.000000072568852705e+00
1.000000072122671835e+00
1.000000069045995588e+00
1.000000068709809842e+00
1.000000065691189377e+00
1.000000065461394971e+00
1.000000062496368525e+00
1.000000062369536868e+00
1.000000059453846069e+00
1.000000059426755739e+00
1.000000056556295203e+00
1.000000056625936606e+00
1.000000053796772148e+00
1.000000053960257373e+00
1.000000051168615345e+00
1.000000051423280523e+00
1.000000048665538932e+00
1.000000049008855196e+00
1.000000046281513955e+00
1.000000046711107426e+00
1.000000044010819877e+00
1.000000044524472109e+00
1.000000041847996402e+00
1.000000042443634829e+00
1.000000039787869444e+00
1.000000040463552953e+00
1.000000037825493182e+00
1.000000038579405226e+00
1.000000035956152056e+00
1.000000036786619972e+00
1.000000034175380526e+00
1.000000035080827132e+00
1.000000032478909784e+00
1.000000033457884463e+00
1.000000030862673750e+00
1.000000031913833354e+00
1.000000029322816841e+00
1.000000030444926802e+00
1.000000027855648232e+00
1.000000029047561467e+00
1.000000026457656732e+00
1.000000027718344064e+00
1.000000025125516778e+00
1.000000026454023638e+00
1.000000023856046694e+00
1.000000025251519320e+00
1.000000022646213127e+00
1.000000024107871255e+00
1.000000021493141045e+00
1.000000023020309214e+00
1.000000020394084865e+00
1.000000021986144461e+00
1.000000019346436897e+00
1.000000021002853012e+00
1.000000018347698694e+00
1.000000020068009698e+00
1.000000017395507035e+00
1.000000019179328348e+00
1.000000016487605725e+00
1.000000018334614715e+00
1.000000015621845373e+00
1.000000017531790242e+00
1.000000014796181391e+00
1.000000016768872735e+00
1.000000014008661564e+00
1.000000016043970819e+00
1.000000013257439813e+00
1.000000015355289706e+00
1.000000012540733563e+00
1.000000014701120543e+00
1.000000011856879256e+00
1.000000014079840183e+00
1.000000011204260630e+00
1.000000013489903639e+00
1.000000010581352239e+00
1.000000012929831206e+00
1.000000009986702354e+00
1.000000012398216676e+00
1.000000009418930080e+00
1.000000011893732887e+00
1.000000008876710922e+00
1.000000011415111745e+00
1.000000008358792547e+00
1.000000010961141994e+00
1.000000007863973916e+00
1.000000010530672334e+00
1.000000007391121715e+00
1.000000010122607419e+00
1.000000006939147035e+00
1.000000009735913409e+00
1.000000006507010486e+00
1.000000009369591103e+00
1.000000006093736848e+00
1.000000009022693481e+00
1.000000005698373551e+00
1.000000008694339915e+00
1.000000005320037744e+00
1.000000008383657102e+00
1.000000004957873223e+00
1.000000008089847015e+00
1.000000004611063753e+00
1.000000007812137826e+00
1.000000004278841725e+00
1.000000007549790570e+00
1.000000003960460626e+00
1.000000007302101146e+00
1.000000003655225900e+00
1.000000007068414520e+00
1.000000003362459866e+00
1.000000006848088097e+00
1.000000003081529032e+00
1.000000006640527239e+00
1.000000002811814115e+00
1.000000006445151746e+00
1.000000002552733136e+00
1.000000006261421825e+00
1.000000002303752300e+00
1.000000006088818783e+00
1.000000002064312943e+00
1.000000005926848790e+00
1.000000001833920793e+00
1.000000005775041112e+00
1.000000001612091571e+00
1.000000005632946332e+00
1.000000001398373861e+00
1.000000005500145894e+00
1.000000001192317578e+00
1.000000005376228795e+00
1.000000000993485960e+00
1.000000005260802460e+00
1.000000000801495759e+00
1.000000005153508731e+00
1.000000000615941742e+00
1.000000005053983898e+00
1.000000000436453096e+00
1.000000004961897782e+00
1.000000000262685429e+00
1.000000004876921311e+00
1.000000000094275698e+00
1.000000004798754949e+00
9.999999999308993859e-01
1.000000004727085390e+00
9.999999997722329725e-01
1.000000004661628639e+00
9.999999996179497197e-01
1.000000004602113579e+00
9.999999994677619686e-01
1.000000004548270427e+00
9.999999993213601890e-01
1.000000004499814299e+00
9.999999991784418452e-01
1.000000004456498726e+00
9.999999990387147264e-01
1.000000004418048816e+00
9.999999989018927282e-01
1.000000004384213881e+00
9.999999987676628788e-01
1.000000004354731242e+00
9.999999986357303028e-01
1.000000004329325121e+00
9.999999985057937968e-01
1.000000004307712853e+00
9.999999983775177403e-01
1.000000004289600009e+00
9.999999982505713980e-01
1.000000004274676835e+00
9.999999981245768499e-01
1.000000004262602271e+00
9.999999979991628374e-01
1.000000004253017716e+00
9.999999978738861595e-01
1.000000004245497509e+00
9.999999977482983970e-01
1.000000004239606222e+00
9.999999976218522102e-01
1.000000004234822493e+00
9.999999974939749459e-01
1.000000004230564343e+00
9.999999973639952522e-01
1.000000004226158534e+00
9.999999972311552909e-01
1.000000004220832794e+00
9.999999970945686600e-01
1.000000004213699389e+00
9.999999969532337163e-01
1.000000004203693615e+00
9.999999968059640754e-01
1.000000004189597558e+00
9.999999966513765104e-01
1.000000004169962153e+00
9.999999964878598657e-01
1.000000004143076549e+00
9.999999963135178804e-01
1.000000004106943452e+00
9.999999961261171189e-01
1.000000004059174330e+00
9.999999959230028157e-01
1.000000003996949882e+00
9.999999957010684559e-01
1.000000003916933888e+00
9.999999954566169968e-01
1.000000003815151306e+00
9.999999951852667213e-01
1.000000003686886574e+00
9.999999948818225626e-01
1.000000003526527736e+00
9.999999945401200074e-01
1.000000003327424780e+00
9.999999941528450176e-01
1.000000003081652267e+00
9.999999937112857840e-01
1.000000002779781072e+00
9.999999932051093499e-01
1.000000002410569522e+00
9.999999926220096702e-01
1.000000001960704488e+00
9.999999919473656629e-01
1.000000001414272255e+00
9.999999911637743599e-01
1.000000000752340634e+00
9.999999902505289917e-01
9.999999999524117333e-01
9.999999891829962628e-01
9.999999989876607875e-01
9.999999879318501872e-01
9.999999978261534528e-01
9.999999864621896828e-01
9.999999964298857957e-01
9.999999847324680946e-01
9.999999947536024614e-01
9.999999826932314262e-01
9.999999927434088942e-01
9.999999802855975561e-01
9.999999903351247665e-01
9.999999774394862095e-01
9.999999874523576304e-01
9.999999740714373697e-01
9.999999840041159382e-01
9.999999700821007309e-01
9.999999798820636832e-01
9.999999653531727040e-01
9.999999749571925056e-01
9.999999597438188337e-01
9.999999690758980542e-01
9.999999530863254993e-01
9.999999620552584290e-01
9.999999451810326345e-01
9.999999536774787368e-01
9.999999357901693253e-01
9.999999436832047728e-01
9.999999246306566780e-01
9.999999317636073526e-01
9.999999113654071126e-01
9.999999175509443061e-01
9.999998955930523570e-01
9.999999006073380103e-01
9.999998768356802570e-01
9.999998804113694462e-01
9.999998545242253511e-01
9.999998563421652609e-01
9.999998279810901058e-01
9.999998276604097347e-01
9.999997963994234906e-01
9.999997934857697279e-01
9.999997588185097763e-01
9.999997527699803213e-01
9.999997140943686080e-01
9.999997042648359757e-01
9.999996608648308305e-01
9.999996464840081867e-01
9.999995975079255528e-01
9.999995776576978690e-01
9.999995220922855976e-01
9.999994956784858946e-01
9.999994323181997657e-01
9.999993980370112112e-01
9.999993254473242832e-01
9.999992817452632021e-01
9.999991982189985196e-01
9.999991432453366746e-01
9.999990467506910674e-01
9.999989783006691946e-01
9.999988664193582011e-01
9.999987818667117612e-01
9.999986517202429370e-01
9.999985479367730079e-01
9.999983960987216536e-01
9.999982693585814930e-01
9.999980917501589683e-01
9.999979376158628641e-01
9.999977293814824586e-01
9.999975425682298136e-01
9.999972979275235652e-01
9.999970721416193697e-01
9.999967842130903506e-01
9.999965119596205820e-01
9.999961725508124122e-01
9.999958449046630893e-01
9.999954442623354423e-01
9.999950505956520797e-01
9.999945771084155499e-01
9.999941047661443649e-01
9.999935446104373238e-01
9.999929785241322699e-01
9.999923152429474049e-01
9.999916374711727007e-01
9.999908514726562059e-01
9.999900406539812270e-01
9.999891086147113528e-01
9.999881393168549293e-01
9.999870334719459519e-01
9.999858754174001385e-01
9.999845627157855077e-01
9.999831798605995914e-01
9.999816209604432959e-01
9.999799703985444710e-01
9.999781184723761651e-01
9.999761491327769924e-01
9.999739484469652995e-01
9.999715995448988926e-01
9.999689837711356333e-01
9.999661829674493241e-01
9.999630731764937996e-01
9.999597343910424652e-01
9.999560366698128089e-01
9.999520574849999344e-01
9.999476601078450821e-01
9.999429186871071629e-01
9.999376887595724517e-01
9.999320401926909962e-01
9.999258196724650771e-01
9.999190916441262900e-01
9.999116926272824113e-01
9.999036802884719854e-01
9.998948794310430488e-01
9.998853393331067485e-01
9.998748712572158581e-01
9.998635141865263032e-01
9.998510636972969268e-01
9.998375462246752443e-01
9.998227391391710794e-01
9.998066536718445141e-01
9.997890460346032793e-01
9.997699091319459663e-01
9.997489745644255743e-01
9.997262132511834931e-01
9.997013281561993869e-01
9.996742639422062648e-01
9.996446902612621255e-01
9.996125205564535543e-01
9.995773857620097180e-01
9.995391623648324231e-01
9.994974363656891070e-01
9.994520407079899860e-01
9.994025093615771516e-01
9.993486242220231963e-01
9.992898591930103880e-01
9.992259366561864198e-01
9.991562614488751493e-01
9.990804870029701412e-01
9.989979391433317923e-01
9.989081919951996458e-01
9.988104815672264047e-01
9.987042915316645120e-01
9.985887566066325993e-01
9.984632583227988079e-01
9.983268182843770822e-01
9.981787040508450781e-01
9.980178124371495985e-01
9.978432856589094513e-01
9.976538849298338674e-01
9.974486170423330078e-01
9.972260986326306753e-01
9.969851933914590791e-01
9.967243674906118844e-01
9.964423376321486225e-01
9.961374182548902168e-01
9.958081806234831967e-01
9.954527925452508752e-01
9.950696886546620545e-01
9.946569034509157303e-01
9.942127528274710135e-01
9.937351612653133603e-01
9.932223544697924567e-01
9.926721815018687556e-01
9.920828180981181577e-01
9.914520843785779025e-01
9.907781580384257270e-01
9.900588880388663249e-01
9.892925163904267016e-01
9.884769879411042792e-01
9.876106789709409028e-01
9.866917028945436652e-01
9.857186434308311540e-01
9.846898558122973988e-01
9.836042019727395669e-01
9.824603467826044101e-01
9.812574925926125236e-01
9.799946701501789370e-01
9.786714699928398264e-01
9.772873280548010078e-01
9.758422518094815867e-01
9.743361010994803229e-01
9.727693075115402266e-01
9.711421515600526799e-01
9.694554744290049264e-01
9.677099531888379014e-01
9.659068046392814688e-01
9.640470606356595917e-01
9.621322642205966114e-01
9.601637473140408607e-01
9.581433195847048889e-01
9.560725507075138463e-01
9.539534525020924027e-01
9.517877677182953189e-01
9.495776459014501070e-01
9.473249402960987053e-01
9.450318777459743025e-01
9.427003648799620050e-01
9.403326521770912771e-01
9.379306501782054273e-01
9.354965876871601527e-01
9.330323383794314474e-01
9.305400729952852945e-01
9.280215964149346464e-01
9.254789936363104763e-01
9.229139771607598464e-01
9.203285265334035792e-01
9.177242457279213284e-01
9.151029960508498817e-01
9.124662631172824057e-01
9.098157829689378362e-01
9.071529181810353837e-01
9.044792771056296976e-01
9.017960986312388849e-01
8.991048645276326079e-01
8.964066923835439793e-01
8.937029410901716764e-01
8.909946115001683431e-01
8.882829451400866549e-01
8.855688321604486823e-01
8.828534034096543470e-01
8.801374452764154643e-01
8.774219852887248372e-01
8.747077134836279688e-01
8.719955617151107230e-01
8.692861312207096347e-01
8.665802658323378260e-01
8.638784854439156558e-01
8.611815533204686401e-01
8.584899152054111804e-01
8.558042609168817760e-01
8.531249688675860421e-01
8.504526621244858919e-01
8.477876581481778029e-01
8.451305194738266691e-01
8.424815085111992952e-01
8.398411329818425974e-01
8.372096056554656496e-01
8.345873846514236805e-01
8.319746380224505300e-01
8.293717789979513366e-01
8.267789353625446536e-01
8.241964796846570351e-01
8.216245034754615650e-01
8.190633424086526393e-01
8.165130552858484991e-01
8.139739442119021673e-01
8.114460384364140522e-01
8.089296094028457507e-01
8.064246595835025122e-01
8.039314322690828130e-01
8.014499055676013173e-01
7.989802967424375346e-01
7.965225616058969615e-01
7.940768931462277580e-01
7.916432266161971265e-01
7.892217321100964966e-01
7.868123257299199924e-01
7.844151556781011614e-01
7.820301199828821881e-01
7.796573455556952137e-01
7.772967130791675894e-01
7.749483283313006732e-01
7.726120549929730297e-01
7.702879773518234163e-01
7.679759419839866652e-01
7.656760106993915072e-01
7.633880123142211538e-01
7.611119843549281061e-01
7.588477364940905412e-01
7.565952790396491823e-01
7.543544001068009930e-01
7.521250781863003665e-01
7.499070758511586776e-01
7.477003325372693077e-01
7.455045786772467320e-01
7.433197028344181723e-01
7.411453918527847184e-01
7.389814626284284538e-01
7.368275364564820240e-01
7.346833169798474561e-01
7.325483101474100645e-01
7.304219937802753915e-01
7.283035329987770368e-01
7.261916324756142460e-01
7.240852317194810261e-01
7.219860322412156028e-01
7.198935448751466737e-01
7.178087085451445581e-01
7.157308930069301578e-01
7.136608311749129685e-01
7.115979095623148343e-01
7.095427646716077064e-01
7.074948097988281726e-01
7.054546213339686345e-01
7.034216393901123743e-01
7.013963978367913077e-01
6.993783616165165640e-01
6.973680320417159351e-01
6.953648966677188348e-01
6.933694305257448454e-01
6.913811417412270011e-01
6.894004833193346782e-01
6.874269821611236342e-01
6.854610722929953548e-01
6.835022978343163746e-01
6.815510761095553427e-01
6.796069671051062633e-01
6.776703732033885208e-01
6.757408690801796070e-01
6.738188435745038340e-01
6.719038850190266476e-01
6.699963698470172702e-01
6.680958991369404520e-01
6.662028378599819112e-01
6.643167990313197935e-01
6.624381369560879973e-01
6.605664758633075229e-01
6.587021600733701243e-01
6.568448243796302100e-01
6.549948037082639063e-01
6.531517428302958672e-01
6.513159677952242710e-01
6.494871328192717286e-01
6.476655555332686554e-01
6.458508991131824972e-01
6.440434731800185331e-01
6.422429494250810889e-01
6.404496298273049115e-01
6.386631941849520988e-01
6.368839371679539951e-01
6.351115463049445964e-01
6.333463092603491829e-01
6.315879209447797793e-01
6.298366622952292770e-01
6.280922352810165421e-01
6.263549143677418218e-01
6.246244082826316601e-01
6.229009852567009009e-01
6.211843604944783381e-01
6.194747962122943985e-01
6.177720138295887953e-01
6.160762697529582610e-01
6.143872913708477990e-01
6.127053294717754728e-01
6.110301171822580812e-01
6.093618998525014430e-01
6.077004161298076301e-01
6.060459060951510768e-01
6.043981137118028535e-01
6.027572739509483579e-01
6.011231358984392426e-01
5.994959295663718768e-01
5.978754089803018923e-01
5.962617993359821122e-01
5.946548594254738029e-01
5.930548097636698657e-01
5.914614137448844788e-01
5.898748873319761277e-01
5.882949983655413329e-01
5.867219583791090098e-01
5.851555395112756353e-01
5.835959489833009162e-01
5.820429630906461815e-01
5.804967848541492392e-01
5.789571945916609508e-01
5.774243912306069593e-01
5.758981589829732517e-01
5.743786927852904123e-01
5.728657806212457126e-01
5.713596135348057992e-01
5.698599831643752500e-01
5.683670767557870152e-01
5.668806894902971294e-01
5.654010049063833421e-01
5.639278216211000005e-01
5.624613195529292176e-01
5.610013006522001078e-01
5.595479413015510550e-01
5.581010466863355335e-01
5.566607897344864053e-01
5.552269787721644256e-01
5.537997833508977452e-01
5.523790148472529360e-01
5.509648395119792763e-01
5.495570716852610227e-01
5.481558743901715491e-01
5.467610648471462609e-01
5.453728029223013918e-01
5.439909086362086921e-01
5.426155387664879370e-01
5.412465160568192823e-01
5.398839942626522115e-01
5.385277987766841079e-01
5.371780803964917306e-01
5.358346670924967192e-01
5.344977067667767701e-01
5.331670298988493428e-01
5.318427815558414151e-01
5.305247946602789089e-01
5.292132115031474848e-01
5.279078673863232263e-01
5.266089018818065348e-01
5.253161526094839440e-01
5.240297564779499151e-01
5.227495533659813898e-01
5.214756775728445204e-01
5.202079711792089167e-01
5.189465659276558673e-01
5.176913060457840610e-01
5.164423207707653507e-01
5.151994564241120234e-01
5.139628397875528609e-01
5.127323192253691042e-01
5.115080191125597198e-01
5.102897898068240456e-01
5.090777533239484454e-01
5.078717619674215644e-01
5.066719354401861830e-01
5.054781279455460297e-01
5.042904569188700892e-01
5.031087784188934542e-01
5.019332076576265012e-01
5.007636025063816332e-01
4.996000759970127270e-01
4.984424877720268765e-01
4.972909487253518446e-01
4.961453202307228860e-01
4.950057110854365616e-01
4.938719843558539990e-01
4.927442467830364659e-01
4.916223630886821239e-01
4.905064379971469934e-01
4.893963378494423089e-01
4.882921653919166660e-01
4.871937885500902676e-01
4.861013081301969740e-01
4.850145936086385778e-01
4.839337438886524012e-01
4.828586299650268199e-01
4.817893488743735797e-01
4.807257730984666466e-01
4.796679978429395086e-01
4.786158970462059403e-01
4.775695641178707707e-01
4.765288744236582663e-01
4.754939196114186806e-01
4.744645764458411130e-01
4.734409348466401268e-01
4.724228729500705715e-01
4.714104789806982110e-01
4.704036324198595520e-01
4.694024198293435535e-01
4.684067220099671913e-01
4.674166238925185901e-01
4.664320075725462700e-01
4.654529563810356207e-01
4.644793536843400683e-01
4.635112812442785390e-01
4.625486236748769797e-01
4.615914611988770067e-01
4.606396796556112561e-01
4.596933577583021679e-01
4.587523825499634778e-01
4.578168312633387194e-01
4.568865921242105665e-01
4.559617409133793209e-01
4.550421670191744372e-01
4.541279447984980511e-01
4.532189647826678214e-01
4.523152999322518908e-01
4.514168419026414747e-01
4.505236622851659378e-01
4.496356538409935766e-01
4.487528868188531694e-01
4.478752550679909739e-01
4.470028275207251212e-01
4.461354990972571932e-01
4.452733374392466859e-01
4.444162385212834798e-01
4.435642687196910683e-01
4.427173250474162880e-01
4.418754726403498756e-01
4.410386095342803681e-01
4.402067996491558777e-01
4.393799420285904311e-01
4.385580994006750277e-01
4.377411718023121456e-01
4.369292207934247774e-01
4.361221473901281676e-01
4.353200120074776081e-01
4.345227166271707908e-01
4.337303205423108654e-01
4.329427266869763646e-01
4.321599932548585987e-01
4.313820241196267835e-01
4.306088763977296008e-01
4.298404548900346955e-01
4.290768156575522352e-01
4.283178644163369575e-01
4.275636561934062496e-01
4.268140976083579230e-01
4.260692426753077133e-01
4.253289989061053156e-01
4.245934193227079989e-01
4.238624123182647141e-01
4.231360299429730576e-01
4.224141814606548473e-01
4.216969179698081827e-01
4.209841495946135548e-01
4.202759265015945656e-01
4.195721596652762786e-01
4.188728983396040051e-01
4.181780543397207173e-01
4.174876760260620712e-01
4.168016760449397284e-01
4.161201018820270270e-01
4.154428670056185546e-01
4.147700180450545338e-01
4.141014692816814002e-01
4.134372665066209929e-01
4.127773248055825461e-01
4.121216891492746059e-01
4.114702754193129142e-01
4.108231277834902828e-01
4.101801629110953251e-01
4.095414241841992542e-01
4.089068290517433035e-01
4.082764201269711846e-01
4.076501156306592266e-01
4.070279574238217513e-01
4.064098644914472813e-01
4.057958779586249287e-01
4.051859175671186919e-01
4.045800237221070517e-01
4.039781169148690676e-01
4.033802368464002863e-01
4.027863047504044447e-01
4.021963596391377460e-01
4.016103234817992584e-01
4.010282346170693790e-01
4.004500157428663720e-01
3.998757045391803100e-01
3.993052244260199557e-01
3.987386124392960363e-01
3.981757927146180598e-01
3.976168016581568820e-01
3.970615641147655084e-01
3.965101158749462229e-01
3.959623824865646236e-01
3.954183991382601571e-01
3.948780920747997913e-01
3.943414958965030803e-01
3.938085375390414922e-01
3.932792510276981179e-01
3.927535639831600256e-01
3.922315098687006452e-01
3.917130169842362175e-01
3.911981182438038496e-01
3.906867426208602834e-01
3.901789224927285082e-01
3.896745875008090776e-01
3.891737694979852669e-01
3.886763987880926807e-01
3.881825067116043693e-01
3.876920242293649399e-01
3.872049821812248993e-01
3.867213121796898023e-01
3.862410445755362076e-01
3.857641116276574467e-01
3.852905432090685811e-01
3.848202722198469927e-01
3.843533280663259943e-01
3.838896442846299606e-01
3.834292498252597214e-01
3.829720788553119815e-01
3.825181598800774796e-01
3.820674276926103730e-01
3.816199103633884926e-01
3.811755433064644150e-01
3.807343541676798671e-01
3.802962789771790475e-01
3.798613449661263908e-01
3.794294887759007695e-01
3.790007372327321433e-01
3.785750275844243506e-01
3.781523862618044185e-01
3.777327511143352967e-01
3.773161481867620681e-01
3.769025159254835722e-01
3.764918799982786557e-01
3.760841794437976837e-01
3.756794395617650828e-01
3.752775999784356276e-01
3.748786856341915219e-01
3.744826367382799726e-01
3.740894778802556497e-01
3.736991498477790774e-01
3.733116768878979030e-01
3.729270003621389939e-01
3.725451441831717503e-01
3.721660502818714966e-01
3.717897422444705335e-01
3.714161625667025124e-01
3.710453345161189853e-01
3.706772011488482788e-01
3.703117854213347493e-01
3.699490309456627823e-01
3.695889603745645680e-01
3.692315178716661928e-01
3.688767257932054622e-01
3.685245288499582328e-01
3.681749491087135673e-01
3.678279318230264772e-01
3.674834987771123385e-01
3.671415957629550753e-01
3.668022442889045664e-01
3.664653906810432793e-01
3.661310561783989170e-01
3.657991876368407724e-01
3.654698060324571562e-01
3.651428587466101772e-01
3.648183664986727748e-01
3.644962771912234056e-01
3.641766112929883392e-01
3.638593172235024542e-01
3.635444152067616175e-01
3.632318541750132468e-01
3.629216541132893603e-01
3.626137644623220746e-01
3.623082049737992305e-01
3.620049255927245135e-01
3.617039458429177623e-01
3.614052161694558118e-01
3.611087558736261749e-01
3.608145158963948496e-01
3.605225153217133105e-01
3.602327055822678314e-01
3.599451055497353558e-01
3.596596671443668125e-01
3.593764090304933934e-01
3.590952836117890512e-01
3.588163093500384981e-01
3.585394391282106796e-01
3.582646912102155357e-01
3.579920189542027953e-01
3.577214404307552664e-01
3.574529094691026310e-01
3.571864439509260247e-01
3.569219981724481849e-01
3.566595898307553525e-01
3.563991736849892455e-01
3.561407672518315803e-01
3.558843257492831369e-01
3.556298665176974017e-01
3.553773452298876201e-01
3.551267790538439884e-01
3.548781241131601094e-01
3.546313974073185826e-01
3.543865555066745832e-01
3.541436152459535025e-01
3.539025336382672915e-01
3.536633273572299396e-01
3.534259538547199209e-01
3.531904296467845983e-01
3.529567126200929272e-01
3.527248191365709440e-01
3.524947075137171426e-01
3.522663939626853313e-01
3.520398372278564780e-01
3.518150533728671703e-01
3.515920015650493835e-01
3.513706977236852325e-01
3.511511014351414994e-01
3.509332284774187571e-01
3.507170388520178816e-01
3.505025481986434044e-01
3.502897169300456248e-01
3.500785605505334352e-01
3.498690398802371537e-01
3.496611702908873909e-01
3.494549130061423425e-01
3.492502832678903713e-01
3.490472426994810640e-01
3.488458064156182981e-01
3.486459364355242174e-01
3.484476477492983171e-01
3.482509027682332836e-01
3.480557163603302806e-01
3.478620513251678981e-01
3.476699224110814668e-01
3.474792928021692706e-01
3.472901771294626960e-01
3.471025389578304421e-01
3.469163928032935607e-01
3.467317026077607611e-01
3.465484827744683138e-01
3.463666976186532409e-01
3.461863614329276362e-01
3.460074389021639552e-01
3.458299442104476595e-01
3.456538424086122996e-01
3.454791475742525209e-01
3.453058251205086693e-01
3.451338890204601606e-01
3.449633050459192662e-01
3.447940870673678604e-01
3.446262012116753648e-01
3.444596612485867904e-01
3.442944336564343621e-01
3.441305321060323386e-01
3.439679234236012184e-01
3.438066211827774943e-01
3.436465925541167810e-01
3.434878510157782783e-01
3.433303640791203759e-01
3.431741451284761046e-01
3.430191620124949381e-01
3.428654280232857898e-01
3.427129113432996199e-01
3.425616251739757034e-01
3.424115380280986498e-01
3.422626630179465002e-01
3.421149689831912699e-01
3.419684689484148166e-01
3.418231320767518011e-01
3.416789713065090384e-01
3.415359561208824446e-01
3.413940993732830775e-01
3.412533708635883678e-01
3.411137833616531556e-01
3.409753069806795156e-01
3.408379544082656420e-01
3.407016960676045314e-01
3.405665445652997225e-01
3.404324706312238380e-01
3.402994867922112809e-01
3.401675640815262636e-01
3.400367149474237127e-01
3.399069107232949305e-01
3.397781637799705545e-01
3.396504457477279026e-01
3.395237689210949816e-01
3.393981052240177543e-01
3.392734668758115579e-01
3.391498260908965556e-01
3.390271950144341240e-01
3.389055461481488840e-01
3.387848915640765957e-01
3.386652040480998549e-01
3.385464956001282832e-01
3.384287392870802269e-01
3.383119470377106142e-01
3.381960921968753531e-01
3.380811866231184237e-01
3.379672039361594771e-01
3.378541559252495885e-01
3.377420164819220361e-01
3.376307973270279983e-01
3.375204726208885786e-01
3.374110540168228645e-01
3.373025159409393514e-01
3.371948699798687499e-01
3.370880908225302730e-01
3.369821899896888184e-01
3.368771424301210682e-01
3.367729595995258007e-01
3.366696167036098419e-01
3.365671251337842840e-01
3.364654603497822527e-01
3.363646336794856584e-01
3.362646208337750076e-01
3.361654330777411603e-01
3.360670463705578426e-01
3.359694719152443998e-01
3.358726859164375966e-01
3.357766995157865364e-01
3.356814891605854334e-01
3.355870659317969906e-01
3.354934065165919299e-01
3.354005219359129653e-01
3.353083891140508088e-01
3.352170190125786098e-01
3.351263887901750893e-01
3.350365093496784352e-01
3.349473580814472107e-01
3.348589458302046462e-01
3.347712502153057934e-01
3.346842820239636085e-01
3.345980191018706473e-01
3.345124721793209521e-01
3.344276193257092467e-01
3.343434712149885857e-01
3.342600061376453380e-01
3.341772347118560083e-01
3.340951354466120127e-01
3.340137189048659194e-01
3.339329638115513532e-01
3.338528806749380129e-01
3.337734484333625407e-01
3.336946775409407318e-01
3.336165471468983124e-01
3.335390676517148711e-01
3.334622184130137112e-01
3.333860097781467524e-01
3.333104213106671820e-01
3.332354633052969084e-01
3.331611155290755133e-01
3.330873882245823370e-01
3.330142613599233470e-01
3.329417451260142657e-01
3.328698196896305306e-01
3.327984951904939814e-01
3.327277519916758131e-01
3.326576001821656692e-01
3.325880203189799378e-01
3.325190224408293704e-01
3.324505872963477993e-01
3.323827248744128382e-01
3.323154161129717177e-01
3.322486709515063419e-01
3.321824705149956647e-01
3.321168246939573132e-01
3.320517147981425499e-01
3.319871506695287744e-01
3.319231138004032355e-01
3.318596139846207715e-01
3.317966328947903332e-01
3.317341802770559234e-01
3.316722379821563371e-01
3.316108157089298070e-01
3.315498954840754298e-01
3.314894869595259586e-01
3.314295723357925105e-01
3.313701612182968215e-01
3.313112359792366179e-01
3.312528061779115296e-01
3.311948543561012981e-01
3.311373900273685278e-01
3.310803959009919750e-01
3.310238814451768596e-01
3.309678295346397126e-01
3.309122495926035690e-01
3.308571246571825886e-01
3.308024641069889915e-01
3.307482511415150150e-01
3.306944950951293261e-01
3.306411793267042820e-01
3.305883131267277064e-01
3.305358800114748252e-01
3.304838892279126084e-01
3.304323244477617716e-01
3.303811948748247018e-01
3.303304843343310981e-01
3.302802019872718708e-01
3.302303318104691798e-01
3.301808829224524011e-01
3.301318394497398945e-01
3.300832104687465018e-01
3.300349802538103394e-01
3.299871578395757732e-01
3.299397276463440498e-01
3.298926986673309525e-01
3.298460554669636058e-01
3.297998069973681057e-01
3.297539379652796865e-01
3.297084572820716541e-01
3.296633497949891245e-01
3.296186243749867351e-01
3.295742660080399622e-01
3.295302835250176199e-01
3.294866620488647313e-01
3.294434103706946337e-01
3.294005137486802903e-01
3.293579809345079656e-01
3.293157973198551081e-01
3.292739716173083142e-01
3.292324893503441596e-01
3.291913591927742577e-01
3.291505667981882155e-01
3.291101208019465152e-01
3.290700069860822419e-01
3.290302339478273219e-01
3.289907875960075279e-01
3.289516764900469181e-01
3.289128866639305926e-01
3.288744266395944305e-01
3.288362825745668738e-01
3.287984629536142012e-01
3.287609540562097532e-01
3.287237643302674539e-01
3.286868801756240299e-01
3.286503100036573533e-01
3.286140403330029547e-01
3.285780795388184572e-01
3.285424142569903783e-01
3.285070528267701184e-01
3.284719819997644619e-01
3.284372100796323357e-01
3.284027239321858915e-01
3.283685318258048325e-01
3.283346207390079874e-01
3.283009989052079747e-01
3.282676534141483193e-01
3.282345924645859170e-01
3.282018032560223841e-01
3.281692939528702557e-01
3.281370518629386779e-01
3.281050851166061322e-01
3.280733811285539425e-01
3.280419479954365114e-01
3.280107732373880869e-01
3.279798649176482450e-01
3.279492106603997259e-01
3.279188184957764762e-01
3.278886761506200620e-01
3.278587916222679421e-01
3.278291527388458859e-01
3.277997674652032845e-01
3.277706237293903091e-01
3.277417294640762035e-01
3.277130726958907281e-01
3.276846613256309548e-01
3.276564834771751866e-01
3.276285470197557448e-01
3.276008401731833053e-01
3.275733707754329704e-01
3.275461271409450537e-01
3.275191170767446924e-01
3.274923289906132018e-01
3.274657706589333417e-01
3.274394305815525041e-01
3.274133165045177707e-01
3.273874170184816745e-01
3.273617398394622624e-01
3.273362736476695956e-01
3.273110261293997736e-01
3.272859860531855958e-01
3.272611610759078582e-01
3.272365400532009638e-01
3.272121306128373264e-01
3.271879216963442527e-01
3.271639209026922512e-01
3.271401172581061556e-01
3.271165183330615456e-01
3.270931132372978389e-01
3.270699095131020528e-01
3.270468963525575701e-01
3.270240812700699329e-01
3.270014535389084709e-01
3.269790206459038950e-01
3.269567719443653431e-01
3.269347148938557823e-01
3.269128389265905099e-01
3.268911514751709491e-01
3.268696420495971755e-01
3.268483180558159895e-01
3.268271690805015228e-01
3.268062025032533735e-01
3.267854079863212191e-01
3.267647928832644322e-01
3.267443469308210502e-01
3.267240774568171968e-01
3.267039742714039630e-01
3.266840446769811446e-01
3.266642785560481821e-01
3.266446831858862421e-01
3.266252485202892353e-01
3.266059818117271751e-01
3.265868730842460543e-01
3.265679295658120984e-01
3.265491413496913187e-01
3.265305156396539621e-01
3.265120425971650420e-01
3.264937294021060255e-01
3.264755662831305694e-01
3.264575603965393369e-01
3.264397020371738178e-01
3.264219983380621803e-01
3.264044396592433173e-01
3.263870331107810441e-01
3.263697691169317738e-01
3.263526547651028897e-01
3.263356805427986007e-01
3.263188535150777225e-01
3.263021642317319726e-01
3.262856197357806298e-01
3.262692106383520141e-01
3.262529439607339543e-01
3.262368103744506809e-01
3.262208168793674923e-01
3.262049542064729413e-01
3.261892293345183824e-01
3.261736330530343730e-01
3.261581723199673544e-01
3.261428379824769519e-01
3.261276369780134465e-01
3.261125602104618659e-01
3.260976145970853612e-01
3.260827910975994115e-01
3.260680966093891242e-01
3.260535221471142497e-01
3.260390745885912711e-01
3.260247450025470228e-01
3.260105402475386716e-01
3.259964514454911089e-01
3.259824854360117707e-01
3.259686333933634605e-01
3.259549021385133583e-01
3.259412828972106380e-01
3.259277824720915318e-01
3.259143921395475374e-01
3.259011186841946350e-01
3.258879534322310922e-01
3.258749031505615013e-01
3.258619592143642829e-01
3.258491283731427268e-01
3.258364020502352854e-01
3.258237869780543638e-01
3.258112746272866511e-01
3.257988717135638645e-01
3.257865697541172390e-01
3.257743754481072784e-01
3.257622803585137339e-01
3.257502911683364810e-01
3.257383994855144738e-01
3.257266119771975443e-01
3.257149202955026412e-01
3.257033310920393054e-01
3.256918360623285436e-01
3.256804418427505787e-01
3.256691401714630896e-01
3.256579376699271777e-01
3.256468261181778567e-01
3.256358121230677471e-01
3.256248875057560777e-01
3.256140588587974616e-01
3.256033180437294394e-01
3.255926716391197018e-01
3.255821115461446369e-01
3.255716443296954310e-01
3.255612619298554611e-01
3.255509708981498829e-01
3.255407632128430873e-01
3.255306454124052284e-01
3.255206095125621757e-01
3.255106620390401662e-01
3.255007950443135623e-01
3.254910150416753800e-01
3.254813141196420401e-01
3.254716987793843108e-01
3.254621611447602314e-01
3.254527077051291850e-01
3.254433306189968289e-01
3.254340363642221901e-01
3.254248171332701500e-01
3.254156793928105196e-01
3.254066153685852281e-01
3.253976315163857325e-01
3.253887200945550506e-01
3.253798875483174258e-01
3.253711261679458899e-01
3.253624423884090011e-01
3.253538285312451150e-01
3.253452910214778004e-01
3.253368222112517638e-01
3.253284285159568356e-01
3.253201023176905404e-01
3.253118500225199439e-01
3.253036640418470737e-01
3.252955507727277595e-01
3.252875026552253801e-01
3.252795260776960573e-01
3.252716135082270865e-01
3.252637713267855779e-01
3.252559920288507489e-01
3.252482819863124486e-01
3.252406337214140408e-01
3.252330535982793647e-01
3.252255341652942056e-01
3.252180817791275325e-01
3.252106890136904904e-01
3.252033622185083739e-01
3.251960939924053995e-01
3.251888906780747712e-01
3.251817448986463188e-01
3.251746629902924068e-01
3.251676375998459045e-01
3.251606750572698656e-01
3.251537680325020663e-01
3.251469228496077224e-01
3.251401322010361583e-01
3.251334024052661142e-01
3.251267261766696559e-01
3.251201098284506874e-01
3.251135460963195944e-01
3.251070412885167515e-01
3.251005881615109949e-01
3.250941930188908091e-01
3.250878486373076637e-01
3.250815613160098483e-01
3.250753238512601451e-01
3.250691425382780109e-01
3.250630101923701609e-01
3.250569331050391919e-01
3.250509041100728136e-01
3.250449294955680690e-01
3.250390021132344431e-01
3.250331282480754536e-01
3.250273007691673599e-01
3.250215259587317385e-01
3.250157967026603978e-01
3.250101192807047235e-01
3.250044865950251216e-01
3.249989049232144822e-01
3.249933671831578552e-01
3.249878796506019407e-01
3.249824352586166420e-01
3.249770402814143866e-01
3.249716876667138599e-01
3.249663836875049117e-01
3.249611213056226022e-01
3.249559067931463430e-01
3.249507331254988252e-01
3.249456065741607724e-01
3.249405201276168720e-01
3.249354800570618540e-01
3.249304793635200972e-01
3.249255243182124220e-01
3.249206079341843134e-01
3.249157364829949324e-01
3.249109029891955602e-01
3.249061137249961151e-01
3.249013617259416398e-01
3.248966532652048933e-01
3.248919813888156427e-01
3.248873523712226818e-01
3.248827592684344068e-01
3.248782083564879519e-01
3.248736927008678554e-01
3.248692185795123977e-01
3.248647790668824364e-01
3.248603804431303144e-01
3.248560157911962176e-01
3.248516913937597450e-01
3.248474003417465839e-01
3.248431489206763945e-01
3.248389302289694802e-01
3.248347505552988679e-01
3.248306030050913673e-01
3.248264938704861771e-01
3.248224162634315570e-01
3.248183764798465711e-01
3.248143676377177047e-01
3.248103960370575249e-01
3.248064548014108488e-01
3.248025502351973293e-01
3.247986754670426079e-01
3.247948368060873947e-01
3.247910273855632024e-01
3.247872535196457133e-01
3.247835083456998007e-01
3.247797981832506453e-01
3.247761161733262458e-01
3.247724686411153638e-01
3.247688487308418304e-01
3.247652627736725139e-01
3.247617039165618391e-01
3.247581784969692520e-01
3.247546796641169742e-01
3.247512137620721662e-01
3.247477739418638820e-01
3.247443665544818558e-01
3.247409847523038962e-01
3.247376348935573920e-01
3.247343101315126601e-01
3.247310168319503809e-01
3.247277481485788542e-01
3.247245104550479100e-01
3.247212969050518039e-01
3.247181138804255407e-01
3.247149545343989141e-01
3.247118252573082398e-01
3.247087192014712076e-01
3.247056427660415245e-01
3.247025891019786892e-01
3.246995646175703798e-01
3.246965624619734814e-01
3.246935890529268898e-01
3.246906375373425080e-01
3.246877143427272516e-01
3.246848126133073387e-01
3.246819387866757278e-01
3.246790860039339699e-01
3.246762607130782574e-01
3.246734560516488233e-01
3.246706784783631727e-01
3.246679211267644583e-01
3.246651904666098543e-01
3.246624796270120572e-01
3.246597950890863782e-01
3.246571299770824037e-01
3.246544907837929372e-01
3.246518706281739663e-01
3.246492760150148094e-01
3.246467000575486983e-01
3.246441492728811551e-01
3.246416167680952758e-01
3.246391090729323636e-01
3.246366192878992751e-01
3.246341539556937827e-01
3.246317061698211215e-01
3.246292824862566651e-01
3.246268759910807544e-01
3.246244932538667194e-01
3.246221273528483997e-01
3.246197848715187129e-01
3.246174588798437233e-01
3.246151559755579008e-01
3.246128692199403143e-01
3.246106052252890062e-01
3.246083570437775512e-01
3.246061313025905282e-01
3.246039210443785739e-01
3.246017329115359895e-01
3.245995599367745288e-01
3.245974087780215678e-01
3.245952724576353088e-01
3.245931576494000548e-01
3.245910573649065656e-01
3.245889782941205892e-01
3.245869134374522180e-01
3.245848695013740515e-01
3.245828394747038437e-01
3.245808300807458968e-01
3.245788342963147888e-01
3.245768588618725414e-01
3.245748967418208286e-01
3.245729546941055754e-01
3.245710256703062679e-01
3.245691164461801392e-01
3.245672199600759811e-01
3.245653430058896283e-01
3.245634785083318374e-01
3.245616332797653381e-01
3.245598002308561769e-01
3.245579861927618825e-01
3.245561840616986715e-01
3.245544006879479970e-01
3.245526289528702923e-01
3.245508757262011157e-01
3.245491338740409404e-01
3.245474102859093879e-01
3.245456978122430169e-01
3.245440033626764142e-01
3.245423197715793240e-01
3.245406539690326997e-01
3.245389987729365155e-01
3.245373611341502706e-01
3.245357338537024350e-01
3.245341239035638425e-01
3.245325240674895584e-01
3.245309413388950959e-01
3.245293684838612691e-01
3.245278125175822814e-01
3.245262661880644606e-01
3.245247365326149325e-01
3.245232162807651366e-01
3.245217124922710750e-01
3.245202178777896740e-01
3.245187395198616542e-01
3.245172701098696377e-01
3.245158167534762939e-01
3.245143721223910926e-01
3.245129433457357715e-01
3.245115230751480229e-01
3.245101184635469371e-01
3.245087221421000812e-01
3.245073412878627939e-01
3.245059685111342795e-01
3.245046110134460204e-01
3.245032613838305657e-01
3.245019268486363240e-01
3.245005999752315629e-01
3.244992880151227332e-01
3.244979835136160840e-01
3.244966937477182234e-01
3.244954112402761437e-01
3.244941432941392812e-01
3.244928824092980224e-01
3.244916359147886897e-01
3.244903962873473824e-01
3.244891708825418108e-01
3.244879521534567157e-01
3.244867474825367526e-01
3.244855492988180101e-01
3.244843650119683121e-01
3.244831870265774132e-01
3.244820227798840828e-01
3.244808646516346151e-01
3.244797201069861692e-01
3.244785815004442298e-01
3.244774563254338440e-01
3.244763369108220608e-01
3.244752307786513135e-01
3.244741302317529219e-01
3.244730428211377582e-01
3.244719608232034536e-01
3.244708918182809820e-01
3.244698280559363823e-01
3.244687771461738923e-01
3.244677313113294437e-01
3.244666981914343107e-01
3.244656699811961920e-01
3.244646543510277259e-01
3.244636434676099190e-01
3.244626450320929889e-01
3.244616511827317917e-01
3.244606696517708944e-01
3.244596925486400441e-01
3.244587276370359263e-01
3.244577669971632217e-01
3.244568184245300024e-01
3.244558739697159799e-01
3.244549414604004367e-01
3.244540129171376575e-01
3.244530962001392904e-01
3.244521832995333477e-01
3.244512821084258869e-01
3.244503845861176905e-01
3.244494986589724350e-01
3.244486162550616615e-01
3.244477453343712070e-01
3.244468777933413040e-01
3.244460216259454910e-01
3.244451686965899029e-01
3.244443270336022089e-01
3.244434884689513243e-01
3.244426610656871990e-01
3.244418366229372408e-01
3.244410232388430515e-01
3.244402126792859664e-01
3.244394130778692764e-01
3.244386161668234014e-01
3.244378301155849131e-01
3.244370466223273075e-01
3.244362738926931944e-01
3.244355035903929152e-01
3.244347439576489300e-01
3.244339866233011405e-01
3.244332398665274453e-01
3.244324952808891327e-01
3.244317611828963499e-01
3.244310291304230986e-01
3.244303074776892504e-01
3.244295877464725697e-01
3.244288783290816269e-01
3.244281707107874446e-01
3.244274733223684315e-01
3.244267776121775304e-01
3.244260920498444611e-01
3.244254080463924717e-01
3.244247341106861193e-01
3.244240616160057322e-01
3.244233991108352311e-01
3.244227379302986325e-01
3.244220866628852451e-01
3.244214366051479392e-01
3.244207963859689903e-01
3.244201572629145658e-01
3.244195279056484860e-01
3.244188995323336600e-01
3.244182808538061957e-01
3.244176630484079116e-01
3.244170548685387234e-01
3.244164474523010266e-01
3.244158495940519527e-01
3.244152523912346986e-01
3.244146646805582401e-01
3.244140775183856906e-01
3.244134997841743306e-01
3.244129224927857491e-01
3.244123545668230468e-01
3.244117869792228492e-01
3.244112286961339797e-01
3.244106706481441060e-01
3.244101218453484536e-01
3.244095731755601286e-01
3.244090336932236585e-01
3.244084942429513174e-01
3.244079639239407786e-01
3.244074335371757711e-01
3.244069122270126782e-01
3.244063907503780819e-01
3.244058782971945276e-01
3.244053655799007396e-01
3.244048618343947088e-01
3.244043577281959800e-01
3.244038625435887169e-01
3.244033669027399647e-01
3.244028801347326740e-01
3.244023928159476822e-01
3.244019143226803403e-01
3.244014351850896261e-01
3.244009648270996249e-01
3.244004937322103044e-01
3.244000313723918727e-01
3.243995681840471934e-01
3.243991136876119286e-01
3.243986582719519118e-01
3.243982115063893668e-01
3.243977637318119500e-01
3.243973245668516636e-01
3.243968843039747862e-01
3.243964526115478142e-01
3.243960197331718920e-01
3.243955953873743914e-01
3.243951697684452906e-01
3.243947526455014940e-01
3.243943341630746158e-01
3.243939241413011376e-01
3.243935126745055575e-01
3.243931096342761999e-01
3.243927050642796406e-01
3.243923088879904215e-01
3.243919110979650577e-01
3.243915216700003490e-01
3.243911305450887239e-01
3.243907477517876115e-01
3.243903631790698294e-01
3.243899869086928067e-01
3.243896087771531156e-01
3.243892389198503312e-01
3.243888671203456475e-01
3.243885035681244866e-01
3.243881379933521436e-01
3.243877806400463082e-01
3.243874211845135802e-01
3.243870699257517809e-01
3.243867164857449636e-01
3.243863712189211657e-01
3.243860236924754892e-01
3.243856843167186588e-01
3.243853426035891996e-01
3.243850090197344382e-01
3.243846730213664764e-01
3.243843451319258220e-01
3.243840147514266969e-01
3.243836924605613126e-01
3.243833676026721680e-01
3.243830508161640314e-01
3.243827313872325036e-01
3.243824200124574286e-01
3.243821059204100576e-01
3.243817998663106050e-01
3.243814910206265778e-01
3.243811901976857981e-01
3.243808865093704696e-01
3.243805908295857576e-01
3.243802922111448939e-01
3.243800015880022869e-01
3.243797079534170291e-01
3.243794223018666711e-01
3.243791335665681119e-01
3.243788528029987184e-01
3.243785688838439207e-01
3.243782929260591863e-01
3.243780137413067033e-01
3.243777425085013211e-01
3.243774679777875480e-01
3.243772013905233953e-01
3.243769314348396438e-01
3.243766694150231333e-01
3.243764039566923163e-01
3.243761464275511930e-01
3.243758853902056760e-01
3.243756322762673117e-01
3.243753755848264309e-01
3.243751268118956199e-01
3.243748743925443656e-01
3.243746298876817313e-01
3.243743816678489877e-01
3.243741413593497214e-01
3.243738972676873389e-01
3.243736610850607716e-01
3.243734210514231942e-01
3.243731889253716472e-01
3.243729528807950957e-01
3.243727247431945071e-01
3.243724926198773839e-01
3.243722684037569914e-01
3.243720401350400628e-01
3.243718197745630860e-01
3.243715952949102754e-01
3.243713787253548753e-01
3.243711579703342229e-01
3.243709451280744060e-01
3.243707280343394728e-01
3.243705188568270503e-01
3.243703053620985433e-01
3.243700997878444792e-01
3.243698898308919332e-01
3.243696877994491357e-01
3.243694813200737603e-01
3.243692827720184302e-01
3.243690797110352353e-01
3.243688845879508231e-01
3.243686848871714656e-01
3.243684931316306863e-01
3.243682967338470946e-01
3.243681082893959400e-01
3.243679151383631054e-01
3.243677299495039135e-01
3.243675399899240142e-01
3.243673580020998148e-01
3.243671711796060619e-01
3.243669923391840904e-01
3.243668086003251849e-01
3.243666328545820043e-01
3.243664521468061501e-01
3.243662794439118868e-01
3.243661017155523019e-01
3.243659320045554906e-01
3.243657572048148086e-01
3.243655904356280151e-01
3.243654185145638524e-01
3.243652546379485191e-01
3.243650855464592087e-01
3.243649245140116655e-01
3.243647582038217125e-01
3.243645999679594660e-01
3.243644363916055595e-01
3.243642809055525822e-01
3.243641200163701610e-01
3.243639672341438462e-01
3.243638089862534435e-01
3.243636588626512829e-01
3.243635032109453142e-01
3.243633557015313529e-01
3.243632026016606829e-01
3.243630576627531958e-01
3.243629070711147033e-01
3.243627646597727621e-01
3.243626165334966838e-01
3.243624766075082211e-01
3.243623309044457170e-01
3.243621934223147596e-01
3.243620501010255897e-01
3.243619150219607672e-01
3.243617740417013562e-01
3.243616413256035225e-01
3.243615026463152473e-01
3.243613722537660449e-01
3.243612358360636883e-01
3.243611077283138355e-01
3.243609735334739841e-01
3.243608476724324508e-01
3.243607156623824483e-01
3.243605920106048535e-01
3.243604621479116989e-01
3.243603406685897639e-01
3.243602129164495085e-01
3.243600935734000101e-01
3.243599678956268217e-01
3.243598506532814341e-01
3.243597270142971611e-01
3.243596118376917969e-01
3.243594902025159765e-01
3.243593770572807955e-01
3.243592573915202171e-01
3.243591462438694117e-01
3.243590285137082363e-01
3.243589193304303731e-01
3.243588035026205296e-01
3.243586962510686122e-01
3.243585822929199725e-01
3.243584769410024493e-01
3.243583648203736125e-01
3.243582613365441625e-01
3.243581510218328523e-01
3.243580493750822802e-01
3.243579408352164073e-01
3.243578409950624852e-01
3.243577341994913765e-01
3.243576361359707949e-01
3.243575310546558677e-01
3.243574347383151313e-01
3.243573313417215664e-01
3.243572367436085013e-01
3.243571350026965838e-01
3.243570420943517885e-01
3.243569419805685805e-01
3.243568507340171547e-01
3.243567522192883357e-01
3.243566626070317760e-01
3.243565656637533712e-01
3.243564776587614662e-01
3.243563822597917978e-01
3.243562958354949122e-01
3.243562019541471608e-01
3.243561170844282415e-01
3.243560246944622305e-01
3.243559413536493130e-01
3.243558504292642364e-01
3.243557685921231726e-01
3.243556791079500456e-01
3.243555987496763993e-01
3.243555106807710087e-01
3.243554317769837825e-01
3.243553450988189701e-01
3.243552676255528344e-01
3.243551823140118917e-01
3.243551062477103009e-01
3.243550222790796966e-01
3.243549475965881168e-01
3.243548649475508361e-01
3.243547916261098618e-01
3.243547102737387999e-01
3.243546382909776038e-01
3.243545582127285720e-01
3.243544875466583544e-01
3.243544087203637516e-01
3.243543393493714122e-01
3.243542617532340633e-01
3.243541936560753181e-01
3.243541172686620344e-01
3.243540504244559197e-01
3.243539752246911712e-01
3.243539096129137156e-01
3.243538355800734685e-01
3.243537711805515311e-01
3.243536982942579749e-01
3.243536350871633611e-01
3.243535633273781915e-01
3.243535012932219352e-01
3.243534306402410250e-01
3.243533697598677823e-01
3.243533001943154082e-01
3.243532404488975174e-01
3.243531719517208645e-01
3.243531133227532393e-01
3.243530458752169054e-01
3.243529883445112061e-01
3.243529219281914844e-01
3.243528654778712328e-01
3.243528000746513928e-01
3.243527446871462550e-01
3.243526802792108255e-01
3.243526259372519482e-01
3.243525625070818874e-01
3.243525091936962923e-01
3.243524467240637144e-01
3.243523944225699118e-01
3.243523328965334795e-01
3.243522815905360290e-01
3.243522209914355692e-01
3.243521706648207492e-01
3.243521109762729782e-01
3.243520616132036238e-01
3.243520028190972626e-01
3.243519544040083247e-01
3.243518964884993805e-01
3.243518490060933734e-01
3.243517919536005323e-01
3.243517453888432045e-01
3.243516891840435012e-01
3.243516435221590055e-01
3.243515881499836051e-01
3.243515433764503353e-01
3.243514888220796477e-01
3.243514449226261309e-01
3.243513911714863140e-01
3.243513481320868252e-01
3.243512951698448998e-01
3.243512529767153540e-01
3.243512007892754290e-01
3.243511594288695510e-01
3.243511080023688264e-01
3.243510674613737099e-01
3.243510167821784251e-01
3.243509770475109799e-01
3.243509271022125828e-01
3.243508881610157601e-01
3.243508389364266886e-01
3.243508007760652068e-01
3.243507522592157799e-01
3.243507148672729046e-01
3.243506670454071039e-01
3.243506304096807069e-01
3.243505832702525682e-01
3.243505473787516302e-01
3.243505009094218017e-01
3.243504657503629152e-01
3.243504199389952158e-01
3.243503855007989212e-01
3.243503403354565107e-01
3.243503066067440210e-01
3.243502620756864019e-01
3.243502290452762726e-01
3.243501851369558486e-01
3.243501527938604800e-01
3.243501094969187259e-01
3.243500778303412546e-01
3.243500351336064402e-01
3.243500041329376860e-01
3.243499620254207128e-01
3.243499316802359034e-01
3.243498901511277510e-01
3.243498604511831918e-01
3.243498194898519760e-01
3.243497904250822184e-01
3.243497500210695828e-01
3.243497215815847601e-01
3.243496817246031561e-01
3.243496539006854307e-01
3.243496145806155084e-01
3.243495873627167403e-01
3.243495485696039071e-01
3.243495219483423786e-01
3.243494836723944674e-01
3.243494576385524963e-01
3.243494198701364906e-01
3.243493944146573771e-01
3.243493571442971901e-01
3.243493322582825522e-01
3.243492954766561409e-01
3.243492711513634164e-01
3.243492348492998389e-01
3.243492110761396763e-01
3.243491752446169274e-01
3.243491520151505214e-01
3.243491166452926455e-01
3.243490939512292948e-01
3.243490590343040547e-01
3.243490368674985524e-01
3.243490023949149315e-01
3.243489807473654563e-01
3.243489467106711599e-01
3.243489255745163891e-01
3.243488919653954028e-01
3.243488713329125139e-01
3.243488381431830492e-01
3.243488180067854443e-01
3.243487852283972184e-01
3.243487655806320258e-01
3.243487332056642081e-01
3.243487140392103396e-01
3.243486820598693865e-01
3.243486633675348729e-01
3.243486317761520299e-01
3.243486135508724666e-01
3.243485823399020473e-01
3.243485645747378743e-01
3.243485337367547072e-01
3.243485164248895436e-01
3.243484859525871400e-01
3.243484690873254528e-01
3.243484389735138418e-01
3.243484225482794470e-01
3.243483927858832327e-01
3.243483767942162976e-01
3.243483473762725500e-01
3.243483318118289271e-01
3.243483027314852385e-01
3.243482875880336347e-01
3.243482588385463439e-01
3.243482441099666547e-01
3.243482156846987929e-01
3.243482013649802709e-01
3.243481732573999521e-01
3.243481593406394858e-01
3.243481315443175750e-01
3.243481180247179130e-01
3.243480905333268050e-01
3.243480774051945015e-01
3.243480502125059561e-01
3.243480374702500391e-01
3.243480105701336824e-01
3.243479982082635993e-01
3.243479715946850361e-01
3.243479596078092109e-01
3.243479332748283039e-01
3.243479216576524715e-01
3.243478955994219537e-01
3.243478843467475503e-01
3.243478585575110817e-01
3.243478476642332464e-01
3.243478221383241378e-01
3.243478115994308242e-01
3.243477863312702048e-01
3.243477761418402938e-01
3.243477511259355017e-01
3.243477412811372473e-01
3.243477165120806638e-01
3.243477070071700830e-01
3.243476824796371893e-01
3.243476733099572296e-01
3.243476490187056083e-01
3.243476401796838160e-01
3.243476161195512630e-01
3.243476076066991176e-01
3.243475837726024213e-01
3.243475755815135031e-01
3.243475519684470565e-01
3.243475440947959365e-01
3.243475206978302938e-01
3.243475131373709797e-01
3.243474899516514687e-01
3.243474827002162941e-01
3.243474597209618504e-01
3.243474527744599767e-01
3.243474299969615338e-01
3.243474233513779503e-01
3.243474007709980511e-01
3.243473944223895788e-01
3.243473720345394495e-01
3.243473659790563901e-01
3.243473437800190595e-01
3.243473380165746156e-01
3.243473159914647130e-01
3.243473104330023560e-01
3.243472888774226459e-01
