1.919749537376375685e-07
1.845240013107002038e-07
1.829356700783617560e-07
1.755509793089780428e-07
1.742629433004788319e-07
1.670370961539753892e-07
1.660100909918569444e-07
1.589282767444949775e-07
1.581544696068526872e-07
1.512062802037050917e-07
1.506773418458473784e-07
1.438525256684062539e-07
1.435605958665488088e-07
1.368493217806239593e-07
1.367869912424119750e-07
1.301798335683481968e-07
1.303401109817114669e-07
1.238280193212460381e-07
1.242043393610533827e-07
1.177786203668697126e-07
1.183647957176439651e-07
1.120170923793890938e-07
1.128073174874481356e-07
1.065296012186642257e-07
1.075184276189246692e-07
1.013029688201869331e-07
1.024852878743284017e-07
9.632465217913348456e-08
9.769568223491528512e-08
9.158270210341160344e-08
9.313797584298741061e-08
8.706574581646418497e-08
8.880109715394589231e-08
8.276295842576758729e-08
8.467450144048622148e-08
7.866402456060477562e-08
8.074815696240492232e-08
7.475912844911892032e-08
7.701250450769615990e-08
7.103892364067994894e-08
7.345845526541542270e-08
6.749450829536871201e-08
7.007734206203364500e-08
6.411740869096081570e-08
6.686093350142500317e-08
6.089955811374369436e-08
6.380137384794514199e-08
5.783326965531847674e-08
6.089119903687784882e-08
5.491122949831284258e-08
5.812329583101050028e-08
5.212647193381869328e-08
5.549090016005089046e-08
4.947236405100860015e-08
5.298756005443915471e-08
4.694258826520571790e-08
5.060715205406220206e-08
4.453113063666659594e-08
4.834383261687328233e-08
4.223226658794924194e-08
4.619204780471242775e-08
4.004053900294571222e-08
4.414650284663727526e-08
3.795075700711912543e-08
4.220216538513985193e-08
3.595797564249881498e-08
4.035424129007520021e-08
3.405748493122653388e-08
3.859816917225855289e-08
3.224480131070511315e-08
3.692960855864675777e-08
3.051565115554980344e-08
3.534442552099268294e-08
2.886597274117091133e-08
3.383868764265679344e-08
2.729188582959401807e-08
3.240864692197138366e-08
2.578970570633390572e-08
3.105074422402411666e-08
2.435591968592295669e-08
2.976158547124553825e-08
2.298718037019247440e-08
2.853794712036131070e-08
2.168030048936278265e-08
2.737675467887729501e-08
2.043224567857514978e-08
2.627508622382210321e-08
1.924012374379769171e-08
2.523015871222161099e-08
1.810118267726462795e-08
2.423932899079314413e-08
1.701279481715121179e-08
2.330007623728858203e-08
1.597246569872693619e-08
2.241000393792000051e-08
1.497781432630869665e-08
2.156683244950494648e-08
1.402656940818272260e-08
2.076839599350193538e-08
1.311657506376875577e-08
2.001262402841064759e-08
1.224577028376605655e-08
1.929755924698802143e-08
1.141219215940058581e-08
1.862133115047644342e-08
1.061397613778915132e-08
1.798216170449085825e-08
9.849337886398792831e-09
1.737836352474203446e-08
9.116582943520849851e-09
1.680832964543680593e-08
8.414091551262238245e-09
1.627053025411546895e-08
7.740324541663922156e-09
1.576351268834778787e-08
7.093810948740402269e-09
1.528589530539994099e-08
6.473151117262368992e-09
1.483636331515638369e-08
5.877014184041204287e-09
1.441366781037135021e-08
5.304118532798133583e-09
1.401662122229140981e-08
4.753260039519264916e-09
1.364409653252524852e-08
4.223277123887317413e-09
1.329501928527182632e-08
3.713067452335683730e-09
1.296837163990971099e-08
3.221576036486348200e-09
1.266318402637323742e-08
2.747802541070299858e-09
1.237853880155443757e-08
2.290791501117543102e-09
1.211356423803456051e-08
1.849626004343828060e-09
1.186742669500469931e-08
1.423437936447807610e-09
1.163934401306315851e-08
1.011396347229277182e-09
1.142856658036144032e-08
6.127037725495981288e-10
1.123438943050263409e-08
2.266084768456311143e-10
1.105613654978803784e-08
-1.476136747860723300e-10
1.089317657631440484e-08
-5.106521560405555469e-10
1.074490603021915878e-08
-8.631610571091083065e-10
1.061075063820917460e-08
-1.205772541200800111e-09
1.049017063324933677e-08
-1.539083837578367098e-09
1.038266101528980219e-08
-1.863661742191858276e-09
1.028773577230353904e-08
-2.180052359982275486e-09
1.020494508951177179e-08
-2.488777589177291518e-09
1.013385724154612475e-08
-2.790325076164977085e-09
1.007407137438245897e-08
-3.085167496351032559e-09
1.002521096664323525e-08
-3.373754188800871948e-09
9.986924759996349021e-09
-3.656506582906932172e-09
9.958885176224279666e-09
-3.933827500311254292e-09
9.940786204235645313e-09
-4.206092597158756503e-09
9.932348322593999415e-09
-4.473662514813834496e-09
9.933313644661636292e-09
-4.736868619308778573e-09
9.943453783323415982e-09
-4.996028510660866380e-09
9.962557268387935429e-09
-5.251422671855846448e-09
9.990444655328564247e-09
-5.503319171013513179e-09
1.002696087006439666e-08
-5.751953903223200430e-09
1.007198119022883447e-08
-5.997537729981498836e-09
1.012541064873805397e-08
-6.240247496439909214e-09
1.018718484711884293e-08
-6.480232253276066559e-09
1.025728400616901375e-08
-6.717600771174038084e-09
1.033572075261693661e-08
-6.952417076284190627e-09
1.042255925015046189e-08
-7.184705608690211389e-09
1.051791732085499049e-08
-7.414431742482962006e-09
1.062196389616275297e-08
-7.641502058646015150e-09
1.073494559041340422e-08
-7.865746246568859885e-09
1.085718338812772129e-08
-8.086918919912874901e-09
1.098909029078728486e-08
-8.304671644917306974e-09
1.113119019321091839e-08
-8.518542907184086705e-09
1.128413018615672264e-08
-8.727935613475122692e-09
1.144870959204406161e-08
-8.932097170441666684e-09
1.162589578881619970e-08
-9.130088429904329211e-09
1.181686402841496316e-08
-9.320741591152479380e-09
1.202303738197517846e-08
-9.502634035993468914e-09
1.224612924724015816e-08
-9.674028756008406244e-09
1.248818075569933358e-08
-9.832816748831866876e-09
1.275165371618562776e-08
-9.976454447404015644e-09
1.303948934740534764e-08
-1.010187055355418597e-08
1.335518991721061807e-08
-1.020537887569361475e-08
1.370294867511745315e-08
-1.028255025044210974e-08
1.408776489997676912e-08
-1.032808127874452645e-08
1.451559509365324074e-08
-1.033561967726746566e-08
1.499353603414633278e-08
-1.029757185174544602e-08
1.553005140444216563e-08
-1.020486311746070782e-08
1.613522200153081338e-08
-1.004665819037401729e-08
1.682104643358939637e-08
-9.810023978305243771e-09
1.760182277265150724e-08
-9.479529693052119758e-09
1.849457317714445782e-08
-9.036769422722573078e-09
1.951956724494099707e-08
-8.459804931548561026e-09
2.070093846191251812e-08
-7.722475785901848690e-09
2.206742719643770916e-08
-6.793611763878010954e-09
2.365324520510899720e-08
-5.636060262011507203e-09
2.549912824542332638e-08
-4.205561518438351919e-09
2.765358212808586367e-08
-2.449383591401057160e-09
3.017435852285230656e-08
-3.047054770226619249e-10
3.313021288609891505e-08
2.303298640548863534e-09
3.660301487349193853e-08
5.463755812432833213e-09
4.069023639241574473e-08
9.282821548097436285e-09
4.550793967076163554e-08
1.388692808569528024e-08
5.119431160943864208e-08
1.942664357598303729e-08
5.791388917647971095e-08
2.608128925013742858e-08
6.586257699147678362e-08
3.406441573865058487e-08
7.527364799082469746e-08
4.363032805427955830e-08
8.642484122058793350e-08
5.508187367852153833e-08
9.964687209744186731e-08
6.877968172197671707e-08
1.153335124818620309e-07
8.515319044380956582e-08
1.339536301643011157e-07
1.047137835660218666e-07
1.560654988059286831e-07
1.280703981980332019e-07
1.823338647157815456e-07
1.559481380951854454e-07
2.135502293099229894e-07
1.892104247938107315e-07
2.506570325065282198e-07
2.288853796655726814e-07
2.947764324667663704e-07
2.761972067936254828e-07
3.472445585687803426e-07
3.326036082066539227e-07
4.096523198020280356e-07
3.998402582730854291e-07
4.838939519776443815e-07
4.799738229923859946e-07
5.722248472281792721e-07
5.754650224025128081e-07
6.773303782820761979e-07
6.892437325131226414e-07
8.024078095375831081e-07
8.247983462019622572e-07
9.512638132994697928e-07
9.862821785417497007e-07
1.128430545311267898e-06
1.178640067718384951e-06
1.339303745368310428e-06
1.407759038351544883e-06
1.590307100191484258e-06
1.680647596230367464e-06
1.889087799967539418e-06
2.005649000982092551e-06
2.244749147160442820e-06
2.392694996223769625e-06
2.668127274089692280e-06
2.853607519550214756e-06
3.172120154299236128e-06
3.402457493790352785e-06
3.772078751821394909e-06
4.055991242212944080e-06
4.486271916584348462e-06
4.834137233543983911e-06
5.336438661077217018e-06
5.760607960333689083e-06
6.348444010401978381e-06
6.863614504658592589e-06
7.553057432049566998e-06
8.176714379547509137e-06
8.986876159387847815e-06
9.739816880766064794e-06
1.069341956346926292e-05
1.160037411449166519e-05
1.272442513087896692e-05
1.381479076330153771e-05
1.514138151860646423e-05
1.645009070455408364e-05
1.801733974578231278e-05
1.958588455676566045e-05
2.143904972126944912e-05
2.331668862143652352e-05
2.550947586601952136e-05
2.775465239769651647e-05
3.035075262263211982e-05
3.303275895875001157e-05
3.610764742526051608e-05
3.930856911387153857e-05
4.295160531021662584e-05
4.676858627587428035e-05
5.108545436892266404e-05
5.563332309931761261e-05
6.074885414574585356e-05
6.616315192357053571e-05
7.222456774751675665e-05
7.866501697519591376e-05
8.584563081265500267e-05
9.350007436755085029e-05
1.020034734709198250e-04
1.110923025827975760e-04
1.211570204556775628e-04
1.319380864840552514e-04
1.438427447721830627e-04
1.566167160367706130e-04
1.706855744751496165e-04
1.858016493682113622e-04
2.024104427523862218e-04
2.202722602493851199e-04
2.398541196024873490e-04
2.609256137581790046e-04
2.839767607148520790e-04
3.087875833140263501e-04
3.358723495395485900e-04
3.650223331295414245e-04
3.967768907135352610e-04
4.309388458905685955e-04
4.680728462259834788e-04
5.079927920682730282e-04
5.512879141490871797e-04
5.977816494427002757e-04
6.480858811499936407e-04
7.020306506424888598e-04
7.602470095535731297e-04
8.225669533068790187e-04
8.896353539327582667e-04
9.612795117615942526e-04
1.038150671213699259e-03
1.120062616917795505e-03
1.207663325989125980e-03
1.300742085119085739e-03
1.399931900942441403e-03
1.504984683656892825e-03
1.616505116744132659e-03
1.734193532806962805e-03
1.858612023633425449e-03
1.989394712164029803e-03
2.127046947234709998e-03
2.271122734485225662e-03
2.422057888847941893e-03
2.579314409959244589e-03
2.743248444404338196e-03
2.913221366720859535e-03
3.089503326706733236e-03
3.271350725220717806e-03
3.458945996337284105e-03
3.651441060378921109e-03
3.848933835798307428e-03
4.050477132660915483e-03
4.256092232015165275e-03
4.464742577323607166e-03
4.676384626775415866e-03
4.889905629440279358e-03
5.105211868233598856e-03
5.321129782984499249e-03
5.537531686569680499e-03
5.753199517638894062e-03
5.967988126036031897e-03
6.180650992619382729e-03
6.391041230770187764e-03
6.597898683100918323e-03
6.801088858638258856e-03
6.999350889507975626e-03
7.192574704476139072e-03
7.379509389652868373e-03
7.560078978366916586e-03
7.733050800138869217e-03
7.898390339062259097e-03
8.054889171252263211e-03
8.202559407533800001e-03
8.340220811619379962e-03
8.467935399293130896e-03
8.584553300412465712e-03
8.690188138576764379e-03
8.783721153384653479e-03
8.865318034867010824e-03
8.933890762053257190e-03
8.989656618090350118e-03
9.031557130226184824e-03
9.059860046836615624e-03
9.073534684998120145e-03
9.072897711114665323e-03
9.056944117152481225e-03
9.026037713341969471e-03
8.979196863686624008e-03
8.916830673290047568e-03
8.837978518294140051e-03
8.743092992105239158e-03
8.631232164542130755e-03
8.502890441122250634e-03
8.357142380265181886e-03
8.194522718476343615e-03
8.014120462148634910e-03
7.816509439634874642e-03
7.600791264319996417e-03
7.367577893273878631e-03
7.115981929309952297e-03
6.846652796421930087e-03
6.558712708744972829e-03
6.252848217039881813e-03
5.928190019514233827e-03
5.585461793511804773e-03
5.223801854361089826e-03
4.843971364934497419e-03
4.445115660720320820e-03
4.028034130752821546e-03
3.591878815775233127e-03
3.137488481739387006e-03
2.664021858245408259e-03
2.172358686204068062e-03
1.661664689147527435e-03
1.132862677298565645e-03
5.851260267072866048e-04
1.942327247898075778e-05
-5.650635004887340955e-04
-1.167316729410037201e-03
-1.788144105773826088e-03
-2.426474974854214359e-03
-3.083104748526162633e-03
-3.756904701809296587e-03
-4.448655256410248213e-03
-5.157163519381363637e-03
-5.883191401157749668e-03
-6.625474344086331596e-03
-7.384751198557340870e-03
-8.159676459892311121e-03
-8.950960035062491965e-03
-9.757163859685384633e-03
-1.057896123655859347e-02
-1.141480681268375146e-02
-1.226532719308735982e-02
-1.312885072458569273e-02
-1.400594378631595492e-02
-1.489478333750685057e-02
-1.579585697679842388e-02
-1.670715623483436454e-02
-1.762906368996587647e-02
-1.855933757476034562e-02
-1.949821679376275221e-02
-2.044315572981137905e-02
-2.139418941022994125e-02
-2.234835748989208448e-02
-2.330538957093796631e-02
-2.426171916496057748e-02
-2.521657670083064795e-02
-2.616540867414371418e-02
-2.710650234313550372e-02
-2.803327609635004533e-02
-2.894098556114229476e-02
-2.981589669339788917e-02
-3.065169580929586607e-02
-3.146406636133278895e-02
-3.225158992252562251e-02
-3.302221665781363003e-02
-3.377279275492957311e-02
-3.450918034027414261e-02
-3.522815832988724499e-02
-3.593461859779898543e-02
-3.662542223314324552e-02
-3.730486656042362320e-02
-3.796992606215291582e-02
-3.862448700109704508e-02
-3.926563885276062454e-02
-3.989696128954198923e-02
-4.051565260892713710e-02
-4.112505187026917891e-02
-4.172245824933713820e-02
-4.231101492878573678e-02
-4.288811409690106852e-02
-4.345673502128827997e-02
-4.401435567876166299e-02
-4.456381519147951248e-02
-4.510267086787998758e-02
-4.563363993258676837e-02
-4.615435330879088388e-02
-4.666742069891594707e-02
-4.717054158854352280e-02
-4.766622972720671592e-02
-4.815224869040937022e-02
-4.863102575498672725e-02
-4.910038461392637887e-02
-4.956267396005882564e-02
-5.001577406098439010e-02
-5.046196167766684587e-02
-5.089917047864346566e-02
-5.132961096777011178e-02
-5.175126735885309665e-02
-5.216628878926098806e-02
-5.257270743735092955e-02
-5.297261532708354148e-02
-5.336409025927468103e-02
-5.374917087312816588e-02
-5.412597845780973971e-02
-5.449650156044531096e-02
-5.485890300653738227e-02
-5.521512417787747401e-02
-5.556336764437307119e-02
-5.590553023947333888e-02
-5.623985262687619668e-02
-5.656818944438654628e-02
-5.688881792414202804e-02
-5.720355263389727968e-02
-5.751070596031838261e-02
-5.781205433024454859e-02
-5.810594397047578324e-02
-5.839411492512000534e-02
-5.867494603589720747e-02
-5.895014257274953234e-02
-5.921811484728942143e-02
-5.948053483224431670e-02
-5.973584323640908356e-02
-5.998568009590746902e-02
-6.022851550944174903e-02
-6.046595883385062764e-02
-6.069650860983335366e-02
-6.092174468013245719e-02
-6.114019313357915014e-02
-6.135340538155190093e-02
-6.155993421640807567e-02
-6.176130362682008546e-02
-6.195609230914730231e-02
-6.214579777120615711e-02
-6.232902385517374855e-02
-6.250724246942385154e-02
-6.267908188173818007e-02
-6.284598922765854967e-02
-6.300661651535424679e-02
-6.316238688422108616e-02
-6.331197542988957483e-02
-6.345678202679878865e-02
-6.359550423500440197e-02
-6.372951935348664110e-02
-6.385754681138418321e-02
-6.398094198353890261e-02
-6.409844559855490398e-02
-6.421139172334024148e-02
-6.431854184026494781e-02
-6.442120929214742442e-02
-6.451817579178417694e-02
-6.461073451185467276e-02
-6.469768689306745757e-02
-6.478030646430243955e-02
-6.485741391117454124e-02
-6.493026361947994152e-02
-6.499769505500481437e-02
-6.506094393740248505e-02
-6.511886806507517778e-02
-6.517268494633546294e-02
-6.522127028077810695e-02
-6.526582379959007529e-02
-6.530523868732394932e-02
-6.534069731300591599e-02
-6.537110994427777766e-02
-6.539764198500194747e-02
-6.541922039755854179e-02
-6.543699400084898588e-02
-6.544990607645709280e-02
-6.545908922275102404e-02
-6.546350267713865745e-02
-6.546426316710236837e-02
-6.546034553400137401e-02
-6.545285097019999665e-02
-6.544076958008766820e-02
-6.542518734361270349e-02
-6.540510929767477666e-02
-6.538160652021757224e-02
-6.535369866006565664e-02
-6.532244219197695656e-02
-6.528687106555718100e-02
-6.524802744028043722e-02
-6.520495926441381707e-02
-6.515869465973060659e-02
-6.510829527969135000e-02
-6.505477547617688483e-02
-6.499721032263801324e-02
-6.493660065965807526e-02
-6.487203470339082678e-02
-6.480450003297294481e-02
-6.473309773757143781e-02
-6.465880237646463857e-02
-6.458072764943115218e-02
-6.449983532962969002e-02
-6.441525147206818291e-02
-6.432792529006954585e-02
-6.423699494524466591e-02
-6.414339731029540526e-02
-6.404628241130425059e-02
-6.394657499285545665e-02
-6.384343670963371631e-02
-6.373778038422060754e-02
-6.362877907009063805e-02
-6.351733386785603230e-02
-6.340262900579753114e-02
-6.328555405681937640e-02
-6.316530420567535720e-02
-6.304275768630386578e-02
-6.291712042705542574e-02
-6.278925950640544540e-02
-6.265839138870489544e-02
-6.252537217546159931e-02
-6.238942866455442215e-02
-6.225140615423672974e-02
-6.211054157840773665e-02
-6.196766960122909729e-02
-6.182203709991690443e-02
-6.167446826935694265e-02
-6.152421974204679705e-02
-6.137210540424893612e-02
-6.121739146025460127e-02
-6.106088164437641769e-02
-6.090185155360465508e-02
-6.074109492319089421e-02
-6.057789656801443323e-02
-6.041304037350719164e-02
-6.024582020179842373e-02
-6.007701023425791181e-02
-5.990591321367642885e-02
-5.973329375979416489e-02
-5.955846333341661275e-02
-5.938217713188695401e-02
-5.920375517521864195e-02
-5.902394337453417683e-02
-5.884207015399339075e-02
-5.865887227172743301e-02
-5.847368640462671102e-02
-5.828724028824690956e-02
-5.809887870434476964e-02
-5.790932049360958400e-02
-5.771791839826018872e-02
-5.752538248923605435e-02
-5.733107332819192825e-02
-5.713569233892504956e-02
-5.693860776480413194e-02
-5.674051250268740548e-02
-5.654078234314165868e-02
-5.634010177398993124e-02
-5.613785400161282885e-02
-5.593471522047383654e-02
-5.573007592444236685e-02
-5.552460412815126561e-02
-5.531769748763323141e-02
-5.511001594914917423e-02
-5.490096420847283276e-02
-5.469119425296696535e-02
-5.448011769857268732e-02
-5.426837868130143100e-02
-5.405539562047090296e-02
-5.384180490642910544e-02
-5.362703164778544196e-02
-5.341170459312887669e-02
-5.319525542891563596e-02
-5.297830536414050578e-02
-5.276029255426369080e-02
-5.254183076916642964e-02
-5.232236452697981016e-02
-5.210250025733634965e-02
-5.188168873717868140e-02
-5.166052915317868865e-02
-5.143847843962275068e-02
-5.121612863598771354e-02
-5.099294273479491879e-02
-5.076950572260305328e-02
-5.054528655335457921e-02
-5.032086325353627571e-02
-5.009571064392447093e-02
-4.987039988238047700e-02
-4.964441156411653761e-02
-4.941831006846967439e-02
-4.919158167480892213e-02
-4.896478407271787764e-02
-4.873740913754213283e-02
-4.851000795658839265e-02
-4.828207791501605561e-02
-4.805416358409405481e-02
-4.782576777461508555e-02
-4.759742862681413944e-02
-4.736865429486643297e-02
-4.713997657179679057e-02
-4.691090887479135163e-02
-4.668197673231726935e-02
-4.645269874604315841e-02
-4.622359426139437816e-02
-4.599418698778030140e-02
-4.576499016798840636e-02
-4.553553254417117002e-02
-4.530632133579558934e-02
-4.507689024446893955e-02
-4.484774054457674186e-02
-4.461841082555079857e-02
-4.438939649390286069e-02
-4.416024095686767875e-02
-4.393143382925886881e-02
-4.370252326767762319e-02
-4.347399317041473338e-02
-4.324539637652297791e-02
-4.301721114195896506e-02
-4.278899492281532102e-02
-4.256122040592830169e-02
-4.233344960048025102e-02
-4.210614969644552175e-02
-4.187888719355366968e-02
-4.165212385624305486e-02
-4.142543061363581497e-02
-4.119926387503606430e-02
-4.097319893913851929e-02
-4.074768692960841626e-02
-4.052230745620804403e-02
-4.029750642556140239e-02
-4.007286770126095021e-02
-3.984883204060542944e-02
-3.962498750502266992e-02
-3.940176976933350977e-02
-3.917877103800559979e-02
-3.895642196937126878e-02
-3.873431885731785235e-02
-3.851288740883355294e-02
-3.829172795473999302e-02
-3.807126131498971000e-02
-3.785109180596333417e-02
-3.763163542406082474e-02
-3.741250042092150035e-02
-3.719409803206436688e-02
-3.697604039513525953e-02
-3.675873404663416999e-02
-3.654179496197793725e-02
-3.632562503971457912e-02
-3.610984404579085927e-02
-3.589484930108038929e-02
-3.568026431577454860e-02
-3.546648189257790157e-02
-3.525312924056958619e-02
-3.504059470302443857e-02
-3.482850914346648230e-02
-3.461725650370738039e-02
-3.440647125815583796e-02
-3.419653300438073307e-02
-3.398707978496583876e-02
-3.377848690971437667e-02
-3.357039594750663158e-02
-3.336317797611573072e-02
-3.315647804965238254e-02
-3.295066306886668822e-02
-3.274538153281003616e-02
-3.254099621950327231e-02
-3.233715903340726727e-02
-3.213422868338186578e-02
-3.193186044051370132e-02
-3.173040899736669779e-02
-3.152953295358475877e-02
-3.132958303759339480e-02
-3.113022114022016840e-02
-3.093179407722855892e-02
-3.073396699392679302e-02
-3.053708284419702143e-02
-3.034080999179409113e-02
-3.014548757881366919e-02
-2.995078715205732461e-02
-2.975704409126723668e-02
-2.956393309149642906e-02
-2.937178581890394907e-02
-2.918028008261059833e-02
-2.898974388328932547e-02
-2.879985811053021455e-02
-2.861094714697248048e-02
-2.842269492963671665e-02
-2.823542226993335305e-02
-2.804881611982615666e-02
-2.786319376566246883e-02
-2.767824514239578676e-02
-2.749428405684115062e-02
-2.731100339550570841e-02
-2.712871353058030413e-02
-2.694711026919328206e-02
-2.676650059319269845e-02
-2.658658319988496319e-02
-2.640766172444950280e-02
-2.622943772440462784e-02
-2.605221153132114206e-02
-2.587568753341669067e-02
-2.570016280112840876e-02
-2.552534452431008336e-02
-2.535152655413121930e-02
-2.517841885346299921e-02
-2.500631209548614259e-02
-2.483491898788485128e-02
-2.466452706656186225e-02
-2.449485175622088257e-02
-2.432617749561161516e-02
-2.415822239906892724e-02
-2.399126784775000923e-02
-2.382503461861834940e-02
-2.365980107423841169e-02
-2.349529062757817893e-02
-2.333177866105392087e-02
-2.316899119737900192e-02
-2.300720067672303026e-02
-2.284613570564524715e-02
-2.268606581942119588e-02
-2.252672218290687964e-02
-2.236837146330401815e-02
-2.221074735855458129e-02
-2.205411370407730706e-02
-2.189820670601601640e-02
-2.174328740378188296e-02
-2.158909448715600962e-02
-2.143588623479567024e-02
-2.128340379587799480e-02
-2.113190272304730360e-02
-2.098112660093453055e-02
-2.083132829041325559e-02
-2.068225378792740501e-02
-2.053415329632816977e-02
-2.038677520051172462e-02
-2.024036707856612452e-02
-2.009467968077351813e-02
-1.994995799322886801e-02
-1.980595510880598167e-02
-1.966291345390582326e-02
-1.952058844146556393e-02
-1.937921997002022348e-02
-1.923856575031144753e-02
-1.909886318436839966e-02
-1.895987225873330823e-02
-1.882182790983337115e-02
-1.868449237826024997e-02
-1.854809816529303171e-02
-1.841240974406686479e-02
-1.827765721071422655e-02
-1.814360724965364755e-02
-1.801048758144218817e-02
-1.787806708074555009e-02
-1.774657112168264578e-02
-1.761577074836695109e-02
-1.748588901718839406e-02
-1.735669912113282226e-02
-1.722842182714936360e-02
-1.710083245674498889e-02
-1.697414951530070576e-02
-1.684815043270535342e-02
-1.672305148024155752e-02
-1.659863217625351037e-02
-1.647510658498383546e-02
-1.635225629352130700e-02
-1.623029318573791790e-02
-1.610900089794693735e-02
-1.598858915992798849e-02
-1.586884363790699512e-02
-1.574997193346639943e-02
-1.563176172362715222e-02
-1.551441850728354534e-02
-1.539773195333202400e-02
-1.528190548312220905e-02
-1.516673073869018347e-02
-1.505240908861156870e-02
-1.493873412951562778e-02
-1.482590520162312998e-02
-1.471371783778645075e-02
-1.460236937392581091e-02
-1.449165726093822916e-02
-1.438177685414842449e-02
-1.427252750449024311e-02
-1.416410261005362874e-02
-1.405630340398121222e-02
-1.394932135014939276e-02
-1.384295954624448904e-02
-1.373740754462121454e-02
-1.363247029002185792e-02
-1.352833544563873322e-02
-1.342480978594296458e-02
-1.332207910699699342e-02
-1.321995199584867844e-02
-1.311861240315218870e-02
-1.301787071152523192e-02
-1.291790904762230713e-02
-1.281853957279451353e-02
-1.271994261079407822e-02
-1.262193208502682303e-02
-1.252468653713536238e-02
-1.242802163605761893e-02
-1.233211416182071821e-02
-1.223678151252458567e-02
-1.214219872678980357e-02
-1.204818491565390164e-02
-1.195491339624737796e-02
-1.186220497647664553e-02
-1.177023127161333678e-02
-1.167881477051418114e-02
-1.158812540594421868e-02
-1.149798733193236819e-02
-1.140856881782076164e-02
-1.131969566717963213e-02
-1.123153450473417768e-02
-1.114391276810866409e-02
-1.105699545595909515e-02
-1.097061162461931798e-02
-1.088492466495946664e-02
-1.079976523680534553e-02
-1.071529514128015392e-02
-1.063134662663354178e-02
-1.054807992201333734e-02
-1.046532884916180975e-02
-1.038325208277950974e-02
-1.030168500330741477e-02
-1.022078474828131377e-02
-1.014038824217498164e-02
-1.006065110241363171e-02
-9.981411782965802365e-03
-9.902824397956023345e-03
-9.824728916453022431e-03
-9.747277965857540152e-03
-9.670313016067055498e-03
-9.593985224114637625e-03
-9.518137546578656766e-03
-9.442919686258870182e-03
-9.368176072400648605e-03
-9.294054969475711026e-03
-9.220402265506815256e-03
-9.147364802335163428e-03
-9.074789912995458521e-03
-9.002823032178784018e-03
-8.931312924294325384e-03
-8.860403632154813941e-03
-8.789945338022015289e-03
-8.720080707904549061e-03
-8.650661328517432469e-03
-8.581828503927569490e-03
-8.513435212034460922e-03
-8.445621409627505904e-03
-8.378241452632552780e-03
-8.311433965038901236e-03
-8.245054667755590330e-03
-8.179240866256773726e-03
-8.113849633513518789e-03
-8.049016970576392677e-03
-7.984601289674759031e-03
-7.920737301344127346e-03
-7.857284744379917918e-03
-7.794377052532080151e-03
-7.731875278584585121e-03
-7.669911593050850358e-03
-7.608348350244010898e-03
-7.547316470804608934e-03
-7.486679598227791513e-03
-7.426567416486174779e-03
-7.366844846013325364e-03
-7.307640347141359724e-03
-7.248820105116371773e-03
-7.190511369490430564e-03
-7.132581578305652314e-03
-7.075156783030366221e-03
-7.018105662590966645e-03
-6.961553082909538274e-03
-6.905368951994841735e-03
-6.849676962599944054e-03
-6.794348240117271953e-03
-6.739505316353303598e-03
-6.685020522496832110e-03
-6.631015241470672103e-03
-6.577362998777401722e-03
-6.524184040375931477e-03
-6.471353074698992652e-03
-6.418989222504130517e-03
-6.366968363883478664e-03
-6.315408506016584322e-03
-6.264186689472902962e-03
-6.213419819334331691e-03
-6.162986085580916991e-03
-6.113001302527993827e-03
-6.063344798592215819e-03
-6.014131308521434779e-03
-5.965241288299494120e-03
-5.916788404163107577e-03
-5.868654228893615925e-03
-5.820951371142883343e-03
-5.773562509813198913e-03
-5.726599206765228822e-03
-5.679945236446193833e-03
-5.633711124589041788e-03
-5.587781730707299353e-03
-5.542266554939136863e-03
-5.497051531478911422e-03
-5.452245145282145350e-03
-5.407734394936608568e-03
-5.363626760494740776e-03
-5.319810294750189870e-03
-5.276391483009945475e-03
-5.233259422173665472e-03
-5.190519612849113680e-03
-5.148062186029477537e-03
-5.105991667550127851e-03
-5.064199212585276770e-03
-5.022788382000729045e-03
-4.981651345329028528e-03
-4.940890708160875291e-03
-4.900399644654271532e-03
-4.860279814703459544e-03
-4.820425387450992874e-03
-4.780937086561762826e-03
-4.741710066610116403e-03
-4.702844124387962899e-03
-4.664235390440219300e-03
-4.625982743940103802e-03
-4.587983282016792203e-03
-4.550334975376194371e-03
-4.512935878443057047e-03
-4.475883062491426909e-03
-4.439075530044124702e-03
-4.402609461877040990e-03
-4.366384799490536338e-03
-4.330496842006264710e-03
-4.294846460864438359e-03
-4.259528082267865536e-03
-4.224443498650749633e-03
-4.189686271934126016e-03
-4.155159106679703548e-03
-4.120954709069302863e-03
-4.086976687008329542e-03
-4.053316899386621985e-03
-4.019879848752635522e-03
-3.986756555056076776e-03
-3.953852406867500516e-03
-3.921257593456225175e-03
-3.888878380876075597e-03
-3.856804135888602155e-03
-3.824941993566842620e-03
-3.793380506244452451e-03
-3.762027669633372443e-03
-3.730971229628803846e-03
-3.700120034280855383e-03
-3.669561030951439332e-03
-3.639203911802932779e-03
-3.609134833481768799e-03
-3.579264324113068385e-03
-3.549677757359345157e-03
-3.520286489242986476e-03
-3.491175118091423366e-03
-3.462255819825011283e-03
-3.433612425005590132e-03
-3.405157921529081578e-03
-3.376975379680041255e-03
-3.348978591485034413e-03
-3.321249874353607821e-03
-3.293703816672911844e-03
-3.266421990306193207e-03
-3.239319772297518524e-03
-3.212477996215722369e-03
-3.185812820138177529e-03
-3.159404346506606166e-03
-3.133169506881032691e-03
-3.107187679673091216e-03
-3.081376562432940752e-03
-3.055814816573398755e-03
-3.030420898222006137e-03
-3.005272758737671454e-03
-2.980289605483257397e-03
-2.955548686638701308e-03
-2.930969953529715972e-03
-2.906629957959814756e-03
-2.882449388013141184e-03
-2.858504105852908896e-03
-2.834715529179495166e-03
-2.811158837183036670e-03
-2.787756170109372076e-03
-2.764582030768054140e-03
-2.741559274951508359e-03
-2.718761735616730384e-03
-2.696112977159449784e-03
-2.673686169148844442e-03
-2.651405577714863702e-03
-2.629343715424492349e-03
-2.607425543339880487e-03
-2.585722923360144788e-03
-2.564161504731490675e-03
-2.542812504948769193e-03
-2.521602254765671191e-03
-2.500601333476409113e-03
-2.479736746722324778e-03
-2.459078441736156726e-03
-2.438554092498123639e-03
-2.418233020252414430e-03
-2.398043560823205893e-03
-2.378054415488824441e-03
-2.358194575488248290e-03
-2.338532128079939387e-03
-2.318996713555716068e-03
-2.299655811052192696e-03
-2.280439703597858785e-03
-2.261415268048284650e-03
-2.242513423922336269e-03
-2.223800451569040142e-03
-2.205207900805618293e-03
-2.186801461201288901e-03
-2.168513306742024960e-03
-2.150408541874482705e-03
-2.132419958681484439e-03
-2.114612082099183443e-03
-2.096918316292249902e-03
-2.079402612238692195e-03
-2.061998980222795944e-03
-2.044770802764243108e-03
-2.027652690367841466e-03
-2.010707462536066772e-03
-1.993870324148717000e-03
-1.977203537085919002e-03
-1.960642894805607502e-03
-1.944250106906308256e-03
-1.927961549689661798e-03
-1.911838385758360490e-03
-1.895817568574798733e-03
-1.879959718979192212e-03
-1.864202361972332233e-03
-1.848605581812929992e-03
-1.833107469461165307e-03
-1.817767577734057723e-03
-1.802524558028879625e-03
-1.787437436803752033e-03
-1.772445420420456358e-03
-1.757607014017433054e-03
-1.742861973503890194e-03
-1.728268287682362125e-03
-1.713766256644146287e-03
-1.699413357794294071e-03
-1.685150430089327276e-03
-1.671034444430592649e-03
-1.657006773373910849e-03
-1.643123886160484642e-03
-1.629327683730349540e-03
-1.615674138462217272e-03
-1.602105674513192198e-03
-1.588677772154043757e-03
-1.575333373643116605e-03
-1.562127471848524405e-03
-1.549003522054131013e-03
-1.536016034397477128e-03
-1.523108972166353292e-03
-1.510336367381391078e-03
-1.497642686361534648e-03
-1.485081487586294114e-03
-1.472597735480434119e-03
-1.460244519510767386e-03
-1.447967297327216974e-03
-1.435818693878016406e-03
-1.423744655200617293e-03
-1.411797346168411653e-03
-1.399923196418638698e-03
-1.388173915161802384e-03
-1.376496410884347436e-03
-1.364941941496497241e-03
-1.353457889640436373e-03
-1.342095066244676808e-03
-1.330801323452207021e-03
-1.319627029498488587e-03
-1.308520501409223252e-03
-1.297531668969333909e-03
-1.286609309525948031e-03
-1.275802918614803725e-03
-1.265061729374374316e-03
-1.254434807258609152e-03
-1.243871836717691352e-03
-1.233421457245069885e-03
-1.223033800166325666e-03
-1.212757083102931508e-03
-1.202541879848719819e-03
-1.192435990210321877e-03
-1.182390426094236677e-03
-1.172452573497772318e-03
-1.162573878125841001e-03
-1.152801316145813911e-03
-1.143086762784846109e-03
-1.133476788313197070e-03
-1.123923693247407376e-03
-1.114473645867284073e-03
-1.105079367774097331e-03
-1.095786629130620932e-03
-1.086548568466843808e-03
-1.077410561654016698e-03
-1.068326160037155271e-03
-1.059340348993158352e-03
-1.050407088597104860e-03
-1.041570977496308848e-03
-1.032786380458373737e-03
-1.024097513122460609e-03
-1.015459140946582120e-03
-1.006915100259200184e-03
-9.984205532357274919e-04
-9.900189605557133728e-04
-9.816658771892180189e-04
-9.734043917880259378e-04
-9.651904482202960499e-04
-9.570667667078822018e-04
-9.489896761629556133e-04
-9.410015319354628118e-04
-9.330590441623338093e-04
-9.252042068511678137e-04
-9.173941075749377600e-04
-9.096703824988633218e-04
-9.019904928834963616e-04
-8.943957205129032242e-04
-8.868438966234051942e-04
-8.793759520554570970e-04
-8.719500843336505484e-04
-8.646068767598667163e-04
-8.573048895052869491e-04
-8.500843617019168729e-04
-8.429042125549046725e-04
-8.358043403713036204e-04
-8.287440198116613910e-04
-8.217628116665225916e-04
-8.148203425076451381e-04
-8.079558388940782931e-04
-8.011292757930804642e-04
-7.943795487894587601e-04
-7.876669777646382606e-04
-7.810301305467803575e-04
-7.744296684890547827e-04
-7.679038348608371563e-04
-7.614136290663683958e-04
-7.549969729852754313e-04
-7.486152006864885871e-04
-7.423059157997051287e-04
-7.360307837052364882e-04
-7.298270928911877471e-04
-7.236568367311605257e-04
-7.175569916533802326e-04
-7.114898757302216738e-04
-7.054921563877001537e-04
-6.995264731349150463e-04
-6.936291874254893767e-04
-6.877632569723274043e-04
-6.819647402579587367e-04
-6.761969099974123867e-04
-6.704955246803366228e-04
-6.648241688499417898e-04
-6.592183039494114733e-04
-6.536418232093873203e-04
-6.481298939480247641e-04
-6.426467149677316925e-04
-6.372271623648404068e-04
-6.318357374232356181e-04
-6.265070278850821527e-04
-6.212058344631366099e-04
-6.159664593949283661e-04
-6.107539997859313561e-04
-6.056024751907915617e-04
-6.004772761092916572e-04
-5.954121422102132480e-04
-5.903727544093122876e-04
-5.853925752611540420e-04
-5.804375731544749980e-04
-5.755409362750242347e-04
-5.706689175611603850e-04
-5.658544335600545778e-04
-5.610640188604479328e-04
-5.563303210697748873e-04
-5.516201535655123646e-04
-5.469658976892725856e-04
-5.423346427616849161e-04
-5.377585065173581640e-04
-5.332048513993831911e-04
-5.287055341661436913e-04
-5.242281875965937050e-04
-5.198044100798623326e-04
-5.154021019595317289e-04
-5.110526058441414686e-04
-5.067240869064882540e-04
-5.024476345299605257e-04
-4.981916759995336274e-04
-4.939870500216027305e-04
-4.898024432939894176e-04
-4.856684463690808841e-04
-4.815540026961984393e-04
-4.774894571588633859e-04
-4.734440073188317410e-04
-4.694477548713975475e-04
-4.654701488644188935e-04
-4.615410502623184413e-04
-4.576301570054659685e-04
-4.537670917565096653e-04
-4.499217987746240719e-04
-4.461236648372977204e-04
-4.423428779705675866e-04
-4.386085914583827579e-04
-4.348912345668504479e-04
-4.312197294583717914e-04
-4.275647441352206884e-04
-4.239549719843731289e-04
-4.203613172652287465e-04
-4.168122469227367806e-04
-4.132788990101640518e-04
-4.097895163456666116e-04
-4.063154683327688081e-04
-4.028847759537712895e-04
-3.994690375529196024e-04
-3.960960545451346548e-04
-3.927376518159727149e-04
-3.894214134689383787e-04
-3.861193885603440910e-04
-3.828589461137847823e-04
-3.796123570000625789e-04
-3.764067773782799942e-04
-3.732146976041863531e-04
-3.700630631709890669e-04
-3.669245816020856371e-04
-3.638259899026306983e-04
-3.607402104755367037e-04
-3.576937739971488357e-04
-3.546598154779609358e-04
-3.516646614039441589e-04
-3.486816571438889375e-04
-3.457369271179497111e-04
-3.428040248193908930e-04
-3.399088747106132798e-04
-3.370252361955523401e-04
-3.341788358649618517e-04
-3.313436368432604744e-04
-3.285451699196552432e-04
-3.257575997648138005e-04
-3.230062634187858385e-04
-3.202655249441570154e-04
-3.175605296690013559e-04
-3.148658389119819842e-04
-3.122064083059967999e-04
-3.095569943098035485e-04
-3.069423648645083335e-04
-3.043374694678641708e-04
-3.017668903551587651e-04
-2.992057679834547496e-04
-2.966785008506434376e-04
-2.941604183096707182e-04
-2.916757370752731866e-04
-2.891999733510471895e-04
-2.867571640044537409e-04
-2.843230100621089778e-04
-2.819213704660284868e-04
-2.795281290567518009e-04
-2.771669687535481064e-04
-2.748139542187548467e-04
-2.724925942399000094e-04
-2.701791323233393004e-04
-2.678969049993813680e-04
-2.656223326599616691e-04
-2.633785814378891395e-04
-2.611422466675902311e-04
-2.589363259253603519e-04
-2.567375875666483764e-04
-2.545688624380830186e-04
-2.524070900044785449e-04
-2.502749362003702481e-04
-2.481495097065022915e-04
-2.460533133416533346e-04
-2.439636231250972382e-04
-2.419027805453744580e-04
-2.398482271020713858e-04
-2.378221447207220065e-04
-2.358021385333856532e-04
-2.338102326604507596e-04
-2.318241940386703802e-04
-2.298658907227781371e-04
-2.279132496400165016e-04
-2.259879845049990118e-04
-2.240681804356280918e-04
-2.221753985259387507e-04
-2.202878802972789191e-04
-2.184270359161347998e-04
-2.165712615454215616e-04
-2.147418181126836462e-04
-2.129172546597997797e-04
-2.111186845529419134e-04
-2.093248079765225376e-04
-2.075565923854992318e-04
-2.057928873849920097e-04
-2.040545161692909116e-04
-2.023204760489120697e-04
-2.006114475929203630e-04
-1.989065741175886708e-04
-1.972263951856707798e-04
-1.955501984420647110e-04
-1.938983840478709442e-04
-1.922503823040075540e-04
-1.906264555686736876e-04
-1.890061751436307176e-04
-1.874096671614941892e-04
-1.858166422867899947e-04
-1.842470919991666802e-04
-1.826808646919684512e-04
-1.811378187502630870e-04
-1.795979386840410681e-04
-1.780809513276229088e-04
-1.765669757024064730e-04
-1.750756086278040390e-04
-1.735871020510472223e-04
-1.721209242931679892e-04
-1.706574586516831774e-04
-1.692160464623372878e-04
-1.677772008050830411e-04
-1.663601375256759326e-04
-1.649454979426933179e-04
-1.635523738996312495e-04
-1.621615334076112610e-04
-1.607919457840152318e-04
-1.594245042106975777e-04
-1.580780569411686313e-04
-1.567336208104683454e-04
-1.554099244638664499e-04
-1.540881068882858532e-04
-1.527867785587190921e-04
-1.514871991275956872e-04
-1.502078623304485777e-04
-1.489301470011030208e-04
-1.476724315604791980e-04
-1.464162125571001106e-04
-1.451797545020977356e-04
-1.439446702075475976e-04
-1.427291116717989460e-04
-1.415148065272871496e-04
-1.403197956464007567e-04
-1.391259200474785314e-04
-1.379511108602234342e-04
-1.367773210618866665e-04
-1.356223734072078068e-04
-1.344683314271374983e-04
-1.333329108539879680e-04
-1.321982843705789344e-04
-1.310820620363929798e-04
-1.299665243026351571e-04
-1.288691768879741462e-04
-1.277724066312352575e-04
-1.266936162406123191e-04
-1.256152975749167029e-04
-1.245547516503003242e-04
-1.234945739880320247e-04
-1.224519652193489837e-04
-1.214096231799432932e-04
-1.203846494149984257e-04
-1.193598427408321632e-04
-1.183522069014807923e-04
-1.173446403717577570e-04
-1.163540503748753367e-04
-1.153634337178316958e-04
-1.143896023792238863e-04
-1.134156501962860236e-04
-1.124582951600488541e-04
-1.115007268420469444e-04
-1.105595704948796049e-04
-1.096181101380825528e-04
-1.086928795321015913e-04
-1.077672558641355836e-04
-1.068576826381884318e-04
-1.059476289421660688e-04
-1.050534492453216194e-04
-1.041587032781207857e-04
-1.032796576938464311e-04
-1.023999616160264242e-04
-1.015357950901622433e-04
-1.006708953907618434e-04
-9.982135715438377756e-05
-9.897100457983938138e-05
-9.813584808539033448e-05
-9.729979756452431655e-05
-9.647878040587983201e-05
-9.565679098625082981e-05
-9.484967483464362312e-05
-9.404150960904761802e-05
-9.324806014532497158e-05
-9.245348618459019044e-05
-9.167347303257213889e-05
-9.089226132040765149e-05
-9.012545797640726750e-05
-8.935738334576565870e-05
-8.860356711882056509e-05
-8.784840818375576051e-05
-8.710736012608786367e-05
-8.636489921975367323e-05
-8.563640407447216992e-05
-8.490642718750873177e-05
-8.419027331492262014e-05
-8.347257003560474089e-05
-8.276854936008956859e-05
-8.206291280763231130e-05
-8.137082075751090747e-05
-8.067704753419194198e-05
-7.999668297637122936e-05
-7.931457309960258462e-05
-7.864573829312115428e-05
-7.797509514199221011e-05
-7.731759567045483426e-05
-7.665822592716706749e-05
-7.601187065239730636e-05
-7.536358425206713969e-05
-7.472818525023673403e-05
-7.409079532068468007e-05
-7.346616783525363392e-05
-7.283949064814945415e-05
-7.222545303240699235e-05
-7.160930794687981357e-05
-7.100568161515662580e-05
-7.039989102803644364e-05
-6.980650040295964455e-05
-6.921088969737012144e-05
-6.862756215822972145e-05
-6.804195965384928705e-05
-6.746852548989093891e-05
-6.689276239277936950e-05
-6.632905475174798410e-05
-6.576296510644771940e-05
-6.520881994757644603e-05
-6.465224059157191020e-05
-6.410749663893680465e-05
-6.356026715101850536e-05
-6.302476584559443221e-05
-6.248672850562736220e-05
-6.196031396270251215e-05
-6.143131370312806486e-05
-6.091383266188187234e-05
-6.039371702246702442e-05
-5.988501880872448222e-05
-5.937363789322121823e-05
-5.887357437429009048e-05
-5.837078080842032578e-05
-5.787920634532392423e-05
-5.738485523731648392e-05
-5.690162664805070686e-05
-5.641557553915467265e-05
-5.594055205616245153e-05
-5.546266088697352278e-05
-5.499570411578019860e-05
-5.452583518518959292e-05
-5.406680906601085652e-05
-5.360482698555135196e-05
-5.315359775280461516e-05
-5.269936941570695945e-05
-5.225580555892969528e-05
-5.180920009603891160e-05
-5.137317232671811907e-05
-5.093406107174555149e-05
-5.050544227785085653e-05
-5.007369872967996379e-05
-4.965236394595947485e-05
-4.922786373305742261e-05
-4.881369010205164336e-05
-4.839631094509720769e-05
-4.798917768118112637e-05
-4.757879935917262867e-05
-4.717858771559849958e-05
-4.677509203099837373e-05
-4.638168526517918425e-05
-4.598495600911518648e-05
-4.559823934803506370e-05
-4.520816226688728943e-05
-4.482802287436896230e-05
-4.444448563845207679e-05
-4.407081258402031763e-05
-4.369370475541818459e-05
-4.332638897723578185e-05
-4.295560197677936220e-05
-4.259453625746100267e-05
-4.222996332974983760e-05
-4.187504226020970346e-05
-4.151657845192943631e-05
-4.116769840428194453e-05
-4.081524052510502243e-05
-4.047229961845544760e-05
-4.012574621729660601e-05
-3.978864429162379523e-05
-3.944789562299181641e-05
-3.911653421228079207e-05
-3.878149221133652899e-05
-3.845577450844114977e-05
-3.812634276101323059e-05
-3.780617359443913360e-05
-3.748225731005044143e-05
-3.716754311555863530e-05
-3.684904909709408547e-05
-3.653969789128483201e-05
-3.622653451272268615e-05
-3.592245586691723266e-05
-3.561453304315722945e-05
-3.531563805344288830e-05
-3.501286721585864322e-05
-3.471906848236609017e-05
-3.442136255572655126e-05
-3.413257415281433345e-05
-3.383984752432025469e-05
-3.355598498006888197e-05
-3.326815348073732952e-05
-3.298913374961850954e-05
-3.270611462546752591e-05
-3.243185606528299419e-05
-3.215356795604476585e-05
-3.188399030314553728e-05
-3.161035321916353709e-05
-3.134537756614351017e-05
-3.107631286402885181e-05
-3.081586163974091611e-05
-3.055129199867930435e-05
-3.029528893828479087e-05
-3.003513834036541463e-05
-2.978350847141938748e-05
-2.952770217900386646e-05
-2.928037179537067551e-05
-2.902883632615322536e-05
-2.878573296715708501e-05
-2.853839607897207679e-05
-2.829944850960731007e-05
-2.805623917411280701e-05
-2.782137736326913230e-05
-2.758222574830884152e-05
-2.735138084752763044e-05
-2.711621829799233243e-05
-2.688932262447918782e-05
-2.665808163857147733e-05
-2.643506865415781872e-05
-2.620768286656596807e-05
-2.598848715761828426e-05
-2.576489132119698066e-05
-2.554944857960887169e-05
-2.532957854628209036e-05
-2.511782555263370752e-05
-2.490161825112507710e-05
-2.469349285312458266e-05
-2.448088627568055029e-05
-2.427632737470186713e-05
-2.406726055853916296e-05
-2.386620808682806045e-05
-2.366062109250463677e-05
-2.346301600068962975e-05
-2.326084989804741741e-05
-2.306663413641154588e-05
-2.286783098660588457e-05
-2.267694748432820957e-05
-2.248145032641278058e-05
-2.229384298029030652e-05
-2.210159580836692145e-05
-2.191720946401067813e-05
-2.172815721568864804e-05
-2.154693765309341038e-05
-2.136102619442563073e-05
-2.118292010836555123e-05
-2.100009621347186388e-05
-2.082505120371879725e-05
-2.064526254461381260e-05
-2.047322709627959198e-05
-2.029642222325519580e-05
-2.012734569349321207e-05
-1.995347402368869279e-05
-1.978730662779441257e-05
-1.961631842842928821e-05
-1.945301122277544361e-05
-1.928485760070710410e-05
-1.912436247106616104e-05
-1.895899535238404151e-05
-1.880126499887523509e-05
-1.863863711787230122e-05
-1.848362504343550606e-05
-1.832368993238022283e-05
-1.817135042405265574e-05
-1.801406239504253301e-05
-1.786435051606299985e-05
-1.770966464856482583e-05
-1.756253622396976695e-05
-1.741040835496493550e-05
-1.726581995476213324e-05
-1.711620666224466329e-05
-1.697411559472641827e-05
-1.682697418839531193e-05
-1.668733848365708605e-05
-1.654262698958625541e-05
-1.640540539066274309e-05
-1.626308254268030528e-05
-1.612823448806925656e-05
-1.598825971023591863e-05
-1.585574533038358944e-05
-1.571807873156838827e-05
-1.558785882787048910e-05
-1.545246118774225221e-05
-1.532449722737151096e-05
-1.519132998430461852e-05
-1.506558408930819760e-05
-1.493460932840837076e-05
-1.481104426095098780e-05
-1.468222470461288895e-05
-1.456080385820546374e-05
-1.443410285854111471e-05
-1.431479024738108481e-05
-1.419017176700459078e-05
-1.407293201540382397e-05
-1.395036062905730908e-05
-1.383515895999506296e-05
-1.371459983148383440e-05
-1.360140206110977344e-05
-1.348282094131971041e-05
-1.337159346068831465e-05
-1.325495667755957496e-05
-1.314566644985486878e-05
-1.303094089505312066e-05
-1.292355544524464035e-05
-1.281070856600361509e-05
-1.270519596935137724e-05
-1.259419576039206479e-05
-1.249052463070859375e-05
-1.238133962506647388e-05
-1.227947911171744459e-05
-1.217207836950467037e-05
-1.207199814359325545e-05
-1.196635124421098327e-05
-1.186802149193881559e-05
-1.176409852437058527e-05
-1.166748993941406329e-05
-1.156526149798870728e-05
-1.147034526782643489e-05
-1.136978243691852358e-05
-1.127653024151913575e-05
-1.117760459135992692e-05
-1.108598858989015395e-05
-1.098867216856527779e-05
-1.089866499358113226e-05
-1.080293031626994581e-05
-1.071450506427688260e-05
-1.062032510928869775e-05
-1.053345533358987766e-05
-1.044080353051296564e-05
-1.035546323296714712e-05
-1.026431345863519640e-05
-1.018047708399641077e-05
-1.009080365081941324e-05
-1.000844607713404713e-05
-9.920223729413343933e-06
-9.839320261264888892e-06
-9.752524167410135374e-06
-9.673050529358802506e-06
-9.587656272509077285e-06
-9.509588599954696991e-06
-9.425572172312097203e-06
-9.348887009243227379e-06
-9.266224804434527144e-06
-9.190899090125143446e-06
-9.109567898838481523e-06
-9.035578967839213966e-06
-8.955555968289540222e-06
-8.882881538307094182e-06
-8.804144289960353411e-06
-8.732762457265649152e-06
-8.655288896795354105e-06
-8.585178130103681549e-06
-8.508946562014686803e-06
-8.440085698897892497e-06
-8.365074790487737658e-06
-8.297443024798219883e-06
-8.223631801051030322e-06
-8.157208681379022737e-06
-8.084576518739908913e-06
-8.019341943670106216e-06
-7.947868560896940177e-06
-7.883802768904875659e-06
-7.813468224804578552e-06
-7.750551790624768739e-06
-7.681336477520787743e-06
-7.619550307225974112e-06
-7.551434945723884787e-06
-7.490760270032030984e-06
-7.423725902247540199e-06
-7.364144269708801305e-06
-7.298172252156100966e-06
-7.239665530070260126e-06
-7.174737532776412723e-06
-7.117287891437377996e-06
-7.053385889659333882e-06
-6.996975807860405163e-06
-6.934082077188187342e-06
-6.878694328819020362e-06
-6.816791438684745000e-06
-6.762409092156919832e-06
-6.701479907504397299e-06
-6.648086319167931862e-06
-6.588113985644292951e-06
-6.535692797856346898e-06
-6.476660742870700179e-06
-6.425195873469733635e-06
-6.367087801370173406e-06
-6.316563443871523488e-06
-6.259363332121707753e-06
-6.209763946698025142e-06
-6.153456035456196178e-06
-6.104766352469819000e-06
-6.049335146978225703e-06
-6.001540151944112781e-06
-5.946970413092740913e-06
-5.900055351813976623e-06
-5.846332094771842673e-06
-5.800282461766868885e-06
-5.747390950494276562e-06
-5.702192488079738068e-06
-5.650118232354819963e-06
-5.605756926538016267e-06
-5.554485674156906342e-06
-5.510947751748270744e-06
-5.460465489134509811e-06
-5.417737407338234321e-06
-5.368030353863736850e-06
-5.326098805201789857e-06
-5.277153405119786042e-06
-5.236005309209670323e-06
-5.187808236006744425e-06
-5.147430731584218775e-06
-5.099968875843390860e-06
-5.060349325087590572e-06
-5.013609797359751427e-06
-4.974735778103797079e-06
-4.928705896896723423e-06
-4.890565198807378665e-06
-4.845232499156353860e-06
-4.807813117958955633e-06
-4.763165336344601826e-06
-4.726455474893748117e-06
-4.682480552306985309e-06
-4.646468615527103177e-06
-4.603154691608992441e-06
-4.567829281057299595e-06
-4.525164688936731316e-06
-4.490514601712289019e-06
-4.448487871555284729e-06
-4.414502096158662635e-06
-4.373101941332519569e-06
-4.339769655361229987e-06
-4.298984978667795036e-06
-4.266295541372438638e-06
-4.226115428107934581e-06
-4.194058385304019952e-06
-4.154472097473934092e-06
-4.123037172677056210e-06
-4.084034151035511108e-06
-4.053211239361321607e-06
-4.014781098941476189e-06
-3.984560273092510534e-06
-3.946692795371304582e-06
-3.917064295383653323e-06
-3.879749432583861558e-06
-3.850703667425376662e-06
-3.813931536477960859e-06
-3.785459074943621801e-06
-3.749219951303804975e-06
-3.721311528554808009e-06
-3.685595849602209507e-06
-3.658242357108261604e-06
-3.623040713836041915e-06
-3.596233197999405717e-06
-3.561536339247905701e-06
-3.535266000393391926e-06
-3.501064820200873969e-06
-3.475323011071040373e-06
-3.441608553412371013e-06
-3.416386772999104476e-06
-3.383150230284885288e-06
-3.358440121640119803e-06
-3.325672826468770567e-06
-3.301466177325949803e-06
-3.269159604242557174e-06
-3.245448344366997686e-06
-3.213594105001517599e-06
-3.190370299125599659e-06
-3.158960140912468350e-06
-3.136215992131372402e-06
-3.105241797688288211e-06
-3.082969640537070924e-06
-3.052423420098389260e-06
-3.030615723940329615e-06
-3.000489620263184937e-06
-2.979138977666582559e-06
-2.949425257190344094e-06
-2.928524391470485365e-06
-2.899215447068613419e-06
-2.878757205051628302e-06
-2.849845548718166058e-06
-2.829822901130596340e-06
-2.801301168628811186e-06
-2.781707202715176235e-06
-2.753568146409305859e-06
-2.734396070979450837e-06
-2.706632555487715312e-06
-2.687875694716739218e-06
-2.660480704347966717e-06
-2.642132495148318758e-06
-2.615099121433190700e-06
-2.597153115114893835e-06
-2.570474559871507470e-06
-2.552924416290176333e-06
-2.526593991851252435e-06
-2.509433481240617357e-06
-2.483444603371599631e-06
-2.466667598495718429e-06
-2.441013787329626833e-06
-2.424614268912853894e-06
-2.399289147515958859e-06
-2.383261197242343613e-06
-2.358258488459066569e-06
-2.342596292432991300e-06
-2.317909816957874305e-06
-2.302607655676937839e-06
-2.278231333215300639e-06
-2.263283586542293746e-06
-2.239211429978527553e-06
-2.224612575332827869e-06
-2.200838689388339845e-06
-2.186583296594133818e-06
-2.163101881634174449e-06
-2.149184612105698892e-06
-2.125989953954262166e-06
-2.112405563501755900e-06
-2.089492040339552632e-06
-2.076235368146487672e-06
-2.053597442122304733e-06
-2.040663421155869711e-06
-2.018295640261850151e-06
-2.005679286158767592e-06
-1.983576282491141140e-06
-1.971272695766006865e-06
-1.949429182529681152e-06
-1.937433547208650586e-06
-1.915844318673766827e-06
-1.904151899272146624e-06
-1.882811829093296683e-06
-1.871417971826101555e-06
-1.850322011340328525e-06
-1.839222141629143739e-06
-1.818365315419714667e-06
-1.807554931625523405e-06
-1.786932343996715425e-06
-1.776407025803781345e-06
-1.756013850394349161e-06
-1.745769247375074252e-06
-1.725600730637145324e-06
-1.715632570024595848e-06
-1.695684028196340332e-06
-1.685988104851802460e-06
-1.666254925882122458e-06
-1.656827107500181142e-06
-1.637304744052278907e-06
-1.628140967054370602e-06
-1.608824941077180272e-06
-1.599921208037841604e-06
-1.580807104631550209e-06
-1.572159487414903058e-06
-1.553242957647653128e-06
-1.544847591952552251e-06
-1.526124347312500526e-06
-1.517977433789483937e-06
-1.499443248345664367e-06
-1.491541049504265998e-06
-1.473191758415081610e-06
-1.465530600495914736e-06
-1.447362094666202038e-06
-1.439938364017214260e-06
-1.421946597131678724e-06
-1.414756735605058569e-06
-1.396937714515244351e-06
-1.389978229258894288e-06
-1.372328018380814542e-06
-1.365595467647338438e-06
-1.348110184351349636e-06
-1.341601184263309988e-06
-1.324276999365090752e-06
-1.317988224143878050e-06
-1.300821360987772429e-06
-1.294749533535137281e-06
-1.277736268543116381e-06
-1.271878168170337534e-06
-1.255014822416208096e-06
-1.249367280175699359e-06
-1.232650229638486924e-06
-1.227210125407315558e-06
-1.210635789739983035e-06
-1.205400054362088921e-06
-1.188964902327970649e-06
-1.183930514770803317e-06
-1.167631060334524295e-06
-1.162795048018077952e-06
-1.146627850735757568e-06
-1.141987286756463604e-06
-1.125948948379052951e-06
-1.121500950655677864e-06
-1.105588102018898244e-06
-1.101329847244517134e-06
-1.085539733843874205e-06
-1.081470364007390156e-06
-1.065792264579352878e-06
-1.061849608889819020e-06
-1.046494011235024578e-06
