-3.164333618793243293e-07
-2.920289022623330810e-07
-2.872256010519655134e-07
-2.622961653401653856e-07
-2.634942575597252175e-07
-2.378112250632548390e-07
-2.363587098196594453e-07
-2.161459760794261745e-07
-2.173893467864823203e-07
-1.944276409465359094e-07
-1.957778755368992627e-07
-1.759180512806922402e-07
-1.785003580247195633e-07
-1.583714694485002032e-07
-1.633644533157525829e-07
-1.429752908199441069e-07
-1.477881417582079984e-07
-1.291464616523672681e-07
-1.353877357228800585e-07
-1.134233045226581201e-07
-1.217528002667046363e-07
-1.051500361516769294e-07
-1.149883466481452915e-07
-9.136012268509262039e-08
-1.029214063578256301e-07
-8.242723657465852800e-08
-9.239362642857885198e-08
-7.517544546903294982e-08
-8.688175148528274487e-08
-6.394326401424085758e-08
-7.780476800368043066e-08
-6.015300198175103582e-08
-7.436646484710688529e-08
-5.043339027830869990e-08
-6.703521184702200414e-08
-4.765441878297931522e-08
-6.112536001154742351e-08
-4.064451319020481306e-08
-5.761290481742322674e-08
-3.838607219360626140e-08
-5.424383416074625252e-08
-2.934799549577252080e-08
-5.067084844510534706e-08
-2.508672479415036386e-08
-4.727360760369997654e-08
-2.330057255435391468e-08
-4.436890869001233091e-08
-1.996613435640668315e-08
-4.210384102483237554e-08
-1.375222221205378774e-08
-3.906663813767355766e-08
-1.343777985035353146e-08
-3.760056796729030232e-08
-1.146610000236205098e-08
-3.496154868765790847e-08
-7.135717238438277579e-09
-3.217633242384951939e-08
-7.068756717482417250e-09
-3.057600060356362526e-08
-2.797803689002559658e-09
-3.068772644642106698e-08
-1.635064198731206717e-09
-2.985840016876098842e-08
2.010785330343188056e-09
-2.681776774183740181e-08
2.137213428006244174e-09
-2.875740490962108565e-08
3.759357931313419932e-09
-2.910965068634339707e-08
6.297511515894774429e-09
-2.709645052278840194e-08
7.330803339734546106e-09
-2.871110687914357140e-08
9.861527016520987868e-09
-2.710136966278996439e-08
1.359712941449666861e-08
-2.894412752297415429e-08
1.072373359132124919e-08
-2.666686604367355490e-08
1.347512680865459118e-08
-2.827396058737227362e-08
1.556308390643232559e-08
-2.529655607333182336e-08
1.647544419896909103e-08
-2.891695543682712888e-08
1.922290753076827471e-08
-2.805679097657518531e-08
2.259988385712150634e-08
-2.473034658581901251e-08
1.951783139771024064e-08
-2.802346374022964068e-08
2.362475022919724346e-08
-2.712917613642611173e-08
2.740077884299763633e-08
-3.006073433095190075e-08
2.718141073417881230e-08
-2.796452879400827550e-08
3.020482943279283426e-08
-2.587500959623372574e-08
3.505745997089350799e-08
-2.411548956780518934e-08
3.862732943409629370e-08
-2.392839932557621691e-08
4.550190564898387143e-08
-1.865477740443521585e-08
5.074782602705028469e-08
-1.341805287677997490e-08
6.248296304975042971e-08
-3.872886491206952188e-09
7.493789324045740851e-08
4.699362665645434944e-09
9.121847690249103599e-08
2.450367336317524000e-08
1.136177432695031193e-07
5.051348505887710416e-08
1.479138274954849370e-07
8.944389359376679960e-08
1.960595846325259261e-07
1.395303433194045897e-07
2.617994392322916438e-07
2.159516734648247141e-07
3.555875660308929673e-07
3.254046487468561752e-07
4.874111996233647423e-07
4.765205097545412655e-07
6.752267009512737837e-07
6.972838720945343009e-07
9.394156748151467705e-07
1.007986987725371531e-06
1.314013613327983203e-06
1.449181004624863987e-06
1.843713121745730853e-06
2.070045016124939382e-06
2.589622186560772193e-06
2.959179678901325803e-06
3.653669749637123058e-06
4.217890067825611865e-06
5.152706970098743185e-06
6.003147265136964377e-06
7.284764884000472856e-06
8.531846734854659322e-06
1.029740132329923356e-05
1.211478319671883627e-05
1.456846237579894766e-05
1.719367131560057139e-05
2.061631385404184675e-05
2.438039771860374131e-05
2.917243359725516804e-05
3.455197985876474635e-05
4.127393975215565996e-05
4.892750510981401578e-05
5.836575854846131559e-05
6.922827700473515775e-05
8.247324409509134281e-05
9.783018918706864314e-05
1.164018049051971396e-04
1.380342363773253333e-04
1.640129589776643691e-04
1.943424380956880807e-04
2.305413506093861831e-04
2.728161870067859229e-04
3.229700335822498344e-04
3.814533751600986469e-04
4.503741693381247075e-04
5.304540190192892635e-04
6.241187955213677507e-04
7.323103952910733254e-04
8.577142732146087953e-04
1.001373370166824556e-03
1.166041401151276082e-03
1.352633472887811161e-03
1.563649765260896607e-03
1.799499156914899888e-03
2.062010355026244919e-03
2.350631635532187368e-03
2.666087278321173110e-03
3.006448146376571560e-03
3.371018951851923601e-03
3.756321070107052941e-03
4.160173183873394458e-03
4.577635952718682628e-03
5.005287493990092512e-03
5.437099135431350087e-03
5.868870421485619833e-03
6.293965455598733542e-03
6.707931141677636946e-03
7.104021904169895499e-03
7.477963778484071275e-03
7.823283785195400339e-03
8.136197015266646848e-03
8.410730507398885003e-03
8.643743584867247254e-03
8.829879603538952001e-03
8.966691375863150223e-03
9.049439174690875748e-03
9.076369627041204480e-03
9.043313639903126019e-03
8.949146612516948457e-03
8.790219858026254371e-03
8.565975035813482366e-03
8.273196826497245665e-03
7.911846039861976723e-03
7.479084200524045711e-03
6.975341684724935959e-03
6.398105772506169561e-03
5.748244252344860729e-03
5.023551186945899964e-03
4.225322698905114444e-03
3.351631205950970135e-03
2.404221450896083714e-03
1.381467554472045689e-03
2.855781180603302115e-04
-8.847318131099355396e-04
-2.126721489287601140e-03
-3.441280907113202382e-03
-4.825006823906868685e-03
-6.278301777803320903e-03
-7.796952971757822003e-03
-9.380686593922911778e-03
-1.102420987119796109e-02
-1.272632025595183888e-02
-1.448020864325548149e-02
-1.628327272246133522e-02
-1.812639646738163288e-02
-2.000450000057335184e-02
-2.190501846326839419e-02
-2.381875870398316580e-02
-2.572563787837121169e-02
-2.760453042896902215e-02
-2.940630646132651183e-02
-3.108222564125931106e-02
-3.266880834080981844e-02
-3.417491073365044874e-02
-3.561910156756276091e-02
-3.699981223031129085e-02
-3.833141860457143363e-02
-3.961105362261036628e-02
-4.084731208158359772e-02
-4.203993680931864679e-02
-4.319382383511624623e-02
-4.430703574409355916e-02
-4.538549314766861936e-02
-4.642844035114403189e-02
-4.743838937546266538e-02
-4.840984696408054400e-02
-4.935057666309362184e-02
-5.025618282557912236e-02
-5.113210590629433533e-02
-5.197497841636897903e-02
-5.278923553309217837e-02
-5.357167607104209445e-02
-5.432664274592503839e-02
-5.505096092167627297e-02
-5.574872798856859296e-02
-5.641689888914881018e-02
-5.705938341709731326e-02
-5.767322527309987762e-02
-5.826219181725482421e-02
-5.882340203717534299e-02
-5.936048291522481174e-02
-5.987066743373858912e-02
-6.035743501004001837e-02
-6.081811342033664053e-02
-6.125606370848067639e-02
-6.166871372116503047e-02
-6.205930538970117621e-02
-6.242536519477371454e-02
-6.277002588796253002e-02
-6.309089595101824433e-02
-6.339102350009152842e-02
-6.366809557947358811e-02
-6.392506765582596506e-02
-6.415971719832531950e-02
-6.437490490278985344e-02
-6.456848847619568732e-02
-6.474325671587566333e-02
-6.489713186291944103e-02
-6.503283059302905622e-02
-6.514835558779420721e-02
-6.524633755598453766e-02
-6.532485240816748862e-02
-6.538647160981224393e-02
-6.542932311183348448e-02
-6.545591963516569911e-02
-6.546445546879499366e-02
-6.545737308930184295e-02
-6.543293107468514669e-02
-6.539351138188032042e-02
-6.533742607427643623e-02
-6.526700420226011490e-02
-6.518061265735736187e-02
-6.508051756099862695e-02
-6.496514201142476741e-02
-6.483670029566397652e-02
-6.469366455141434269e-02
-6.453818863264891570e-02
-6.436879925239900879e-02
-6.418760452894006763e-02
-6.399316493167174491e-02
-6.378754131945281458e-02
-6.356933907097174485e-02
-6.334057093431527674e-02
-6.309988283404126264e-02
-6.284923994596164354e-02
-6.258732774023431644e-02
-6.231606172375649816e-02
-6.203416861017337774e-02
-6.174351352098055717e-02
-6.144286190865620723e-02
-6.113403823040274715e-02
-6.081583224501992818e-02
-6.049003379295889160e-02
-6.015545745376860848e-02
-5.981385136223202337e-02
-5.946406799978139895e-02
-5.910780420343829389e-02
-5.874394302984312088e-02
-5.837414523236898051e-02
-5.799731862068897847e-02
-5.761508108850692950e-02
-5.722636846298383151e-02
-5.683275914427322190e-02
-5.643321366838540548e-02
-5.602927186884646554e-02
-5.561991717616596165e-02
-5.520664987930154477e-02
-5.478847867202639443e-02
-5.436686584476257966e-02
-5.394084092045267620e-02
-5.351183005215837118e-02
-5.307888061264488117e-02
-5.264338528674795958e-02
-5.220440767518041980e-02
-5.176330826924845085e-02
-5.131917025243769998e-02
-5.087331885788333452e-02
-5.042485191068591527e-02
-4.997505779615911414e-02
-4.952305965782399788e-02
-4.907011145486896153e-02
-4.861534649831292937e-02
-4.815998775384077585e-02
-4.770318609547540695e-02
-4.724613555129904274e-02
-4.678799608081942590e-02
-4.632993273773883952e-02
-4.587112115831303710e-02
-4.541269197663994062e-02
-4.495383635268127703e-02
-4.449565749544931448e-02
-4.403735925734809931e-02
-4.358001296466412766e-02
-4.312283708566611029e-02
-4.266687475165314991e-02
-4.221135511426617887e-02
-4.175729614020298741e-02
-4.130393525947312350e-02
-4.085226487946896218e-02
-4.040153629824205783e-02
-3.995271137685636048e-02
-3.950505726691274505e-02
-3.905950747230783893e-02
-3.861533892507837407e-02
-3.817346325608818314e-02
-3.773316685188643493e-02
-3.729533189730173393e-02
-3.685926104171535767e-02
-3.642581401900308463e-02
-3.599430005463223614e-02
-3.556555668146284266e-02
-3.513890012083895065e-02
-3.471514856919161868e-02
-3.429363055680122868e-02
-3.387513894122560348e-02
-3.345901041562777956e-02
-3.304601868917820401e-02
-3.263551321142475065e-02
-3.222824122498391120e-02
-3.182356225394054883e-02
-3.142220635524412692e-02
-3.102354385295750736e-02
-3.062828070484987716e-02
-3.023579536015994981e-02
-2.984678031026738107e-02
-2.946062067686915781e-02
-2.907798923442841965e-02
-2.869827935821631093e-02
-2.832215024283563434e-02
-2.794900150502812805e-02
-2.757947266574457129e-02
-2.721297507399098037e-02
-2.685013281713724206e-02
-2.649036314115595092e-02
-2.613427253801852562e-02
-2.578128901807261522e-02
-2.543200537319205076e-02
-2.508585563950329125e-02
-2.474341482118784866e-02
-2.440413069536161161e-02
-2.406855989977437632e-02
-2.373615951113880462e-02
-2.340747446338225027e-02
-2.308196407184776380e-02
-2.276016504316236491e-02
-2.244154051606005174e-02
-2.212661847066733911e-02
-2.181486869038094800e-02
-2.150680267228842826e-02
-2.120190241927995267e-02
-2.090066353714220906e-02
-2.060257841889450575e-02
-2.030813020195175109e-02
-2.001681941746150800e-02
-1.972911694838940661e-02
-1.944452903794565909e-02
-1.916351770467036864e-02
-1.888560003015066213e-02
-1.861122103020730265e-02
-1.833990502256702820e-02
-1.807209097893972341e-02
-1.780731071299875012e-02
-1.754599403541630756e-02
-1.728767506446732619e-02
-1.703277246776335740e-02
-1.678083387197731521e-02
-1.653226631361771198e-02
-1.628662551783599532e-02
-1.604430662496675319e-02
-1.580487403708358274e-02
-1.556871498493991347e-02
-1.533540023108852755e-02
-1.510530619931293311e-02
-1.487801224083560095e-02
-1.465389031103626546e-02
-1.443252133175540464e-02
-1.421427040316566165e-02
-1.399872459440150776e-02
-1.378624463992220509e-02
-1.357642412021604211e-02
-1.336960967974050278e-02
-1.316540759107765260e-02
-1.296415839285515459e-02
-1.276547073140273277e-02
-1.256967800077139936e-02
-1.237639742589533368e-02
-1.218595714397000332e-02
-1.199797850273733209e-02
-1.181278245497074941e-02
-1.162999798191985401e-02
-1.144993798334367763e-02
-1.127223781859297558e-02
-1.109720552417057041e-02
-1.092448625008623359e-02
-1.075437337123597535e-02
-1.058652231097207894e-02
-1.042122397615644937e-02
-1.025813303943643243e-02
-1.009753855497710039e-02
-9.939105688866422400e-03
-9.783108637453659731e-03
-9.629220358263957530e-03
-9.477717000217301957e-03
-9.328271177384123841e-03
-9.181152946307152146e-03
-9.036043982480153336e-03
-8.893206075963172239e-03
-8.752330767452071517e-03
-8.613670585524993428e-03
-8.476922790345344308e-03
-8.342339557891279012e-03
-8.209619438432683852e-03
-8.079008072394873452e-03
-7.950214340645316360e-03
-7.823477674813048011e-03
-7.698511185198260269e-03
-7.575548718684212493e-03
-7.454311216791601954e-03
-7.335027943786442267e-03
-7.217423890663392586e-03
-7.101721973429660738e-03
-6.987653636591698546e-03
-6.875439987331894744e-03
-6.764815535057163050e-03
-6.655997911845532543e-03
-6.548725717901369460e-03
-6.443212821855765979e-03
-6.339203773788684021e-03
-6.236903930242655714e-03
-6.136067963575655287e-03
-6.036896960047743489e-03
-5.939148774671510964e-03
-5.843018886136862843e-03
-5.748271165435510019e-03
-5.655100451206323750e-03
-5.563269072080109269e-03
-5.472972981468136357e-03
-5.383980588156486204e-03
-5.296477489337612921e-03
-5.210241149068134577e-03
-5.125454504338822215e-03
-5.041894962556811056e-03
-4.959747962312553889e-03
-4.878791316079582156e-03
-4.799205201788393250e-03
-4.720775562275631408e-03
-4.643679336660567862e-03
-4.567704711671197355e-03
-4.493026338808423815e-03
-4.419433426920781234e-03
-4.347099334760272556e-03
-4.275822643973235283e-03
-4.205767193449073613e-03
-4.136736405281535994e-03
-4.068889990502728461e-03
-4.002037437892522545e-03
-3.936339012467535321e-03
-3.871599537649948741e-03
-3.807983505276807835e-03
-3.745297287231619428e-03
-3.683700937330768380e-03
-3.623006258965426590e-03
-3.563368593637178394e-03
-3.504603801319689654e-03
-3.446866306677339158e-03
-3.389975265851218143e-03
-3.334079917050212453e-03
-3.279006269147032027e-03
-3.224897101417708873e-03
-3.171585673517986377e-03
-3.119210237397519476e-03
-3.067604611120964414e-03
-3.016909054989320733e-03
-2.966960189430476770e-03
-2.917893402762228045e-03
-2.869548693949506343e-03
-2.822058526740223172e-03
-2.775270397578391470e-03
-2.729310700348909057e-03
-2.684028933909221853e-03
-2.639553213389499425e-03
-2.595732106299434867e-03
-2.552691590196597051e-03
-2.510287119208296815e-03
-2.468638192068035083e-03
-2.427604613188675056e-03
-2.387303891476711369e-03
-2.347599448666139524e-03
-2.308606563600369439e-03
-2.270187999642396971e-03
-2.232460948693649160e-03
-2.195288514655627677e-03
-2.158787474541310446e-03
-2.122823653254600398e-03
-2.087509281343390404e-03
-2.052714586735498482e-03
-2.018550959250914843e-03
-1.984888185795236158e-03
-1.951835617339362861e-03
-1.919272426464035822e-03
-1.887299280116085760e-03
-1.855797399975001212e-03
-1.824867180761220427e-03
-1.794393378999185364e-03
-1.764475706292771605e-03
-1.734995961469847558e-03
-1.706056849690637794e-03
-1.677542618957078265e-03
-1.649549841095532135e-03
-1.621968327935853710e-03
-1.594893860809269573e-03
-1.568214690775685200e-03
-1.542028102162800764e-03
-1.516224611508939233e-03
-1.490896177382861239e-03
-1.465938758156374233e-03
-1.441442453856072977e-03
-1.417304066766015115e-03
-1.393613283816097070e-03
-1.370266043279732421e-03
-1.347357116942469362e-03
-1.324777328181391640e-03
-1.302618201592534294e-03
-1.280783184561144761e-03
-1.259354817055216525e-03
-1.238238761546665585e-03
-1.217515383196734720e-03
-1.197092472279144473e-03
-1.177053451240592588e-03
-1.157304439353432600e-03
-1.137927430556899978e-03
-1.118828000134482149e-03
-1.100088863559837505e-03
-1.081621567269876747e-03
-1.063501468419147987e-03
-1.045642330751998979e-03
-1.028121561077546082e-03
-1.010852456627137812e-03
-9.939089518631353485e-04
-9.772102489484177108e-04
-9.608288911264615184e-04
-9.446821963899151462e-04
-9.288412535106572564e-04
-9.132281517690870763e-04
-8.979134132841448289e-04
-8.828152087319615215e-04
-8.680071832451549023e-04
-8.534102321055332284e-04
-8.390929989147660577e-04
-8.249789806733087011e-04
-8.111350395207527104e-04
-7.974891631218440158e-04
-7.841036426093038469e-04
-7.709091060336721460e-04
-7.579691638783412830e-04
-7.452116546612389198e-04
-7.327010349666931597e-04
-7.203668336925124396e-04
-7.082700102537377394e-04
-6.963442103700466859e-04
-6.846524092582027430e-04
-6.731206171374874139e-04
-6.618163903188730010e-04
-6.506680579128681571e-04
-6.397389647954284915e-04
-6.289603317256733201e-04
-6.183949066407942079e-04
-6.079739271964256907e-04
-5.977591490551773879e-04
-5.876851505318573870e-04
-5.778096161263046896e-04
-5.680701083278248470e-04
-5.585223279126510154e-04
-5.491080970277467058e-04
-5.398788528561197482e-04
-5.307762463460447477e-04
-5.218532990621605264e-04
-5.130542615783017547e-04
-5.044294896585780393e-04
-4.959217511609588167e-04
-4.875846881757516806e-04
-4.793602724995445945e-04
-4.712998662299837404e-04
-4.633492176374208330e-04
-4.555579326107847570e-04
-4.478720648094493490e-04
-4.403387368276818472e-04
-4.329092464708847020e-04
-4.256288078076294343e-04
-4.184448311253851694e-04
-4.114063754281972220e-04
-4.044627137011309274e-04
-3.976599427752050943e-04
-3.909467857228050500e-04
-3.843711421117067305e-04
-3.778823144529318040e-04
-3.715247703136252536e-04
-3.652517679847033685e-04
-3.591058085107947436e-04
-3.530427020469694669e-04
-3.471020849013155903e-04
-3.412395163913058724e-04
-3.354975666421049587e-04
-3.298309980663368573e-04
-3.242819227793794870e-04
-3.188053198364406652e-04
-3.134403769546361329e-04
-3.081452783089353169e-04
-3.029590648810987549e-04
-2.978400271666670901e-04
-2.928271104417517795e-04
-2.878792091261988336e-04
-2.830358137155951793e-04
-2.782535331754941053e-04
-2.735679365986217978e-04
-2.689469705343266754e-04
-2.644187637718173182e-04
-2.599502209420031943e-04
-2.555756307195994510e-04
-2.512553481999231378e-04
-2.470258676355551993e-04
-2.428496997270291181e-04
-2.387613830825584184e-04
-2.347272327067968160e-04
-2.307736172705416005e-04
-2.268725066726072232e-04
-2.230539825404149622e-04
-2.192825192186765226e-04
-2.155905489873779785e-04
-2.119452756334270300e-04
-2.083760225795760926e-04
-2.048540064413169087e-04
-2.014037532719457511e-04
-1.979997812344177599e-04
-1.946649524823147726e-04
-1.913730457219284123e-04
-1.881503766423781672e-04
-1.849690643772217852e-04
-1.818530840632175908e-04
-1.787786756970413031e-04
-1.757663574652593489e-04
-1.727948149555559869e-04
-1.698835396370975261e-04
-1.670108054666779630e-04
-1.641990053198734390e-04
-1.614213118070828372e-04
-1.587026319467954702e-04
-1.560179282824277803e-04
-1.533901699416002548e-04
-1.507952209214877639e-04
-1.482556838600199590e-04
-1.457488284920275200e-04
-1.432932141054296595e-04
-1.408694997501440274e-04
-1.384958300697188330e-04
-1.361532249733486753e-04
-1.338595680960716296e-04
-1.315953958295578818e-04
-1.293782884971875452e-04
-1.271881109173302277e-04
-1.250465358597358380e-04
-1.229315165542534246e-04
-1.208608616711282668e-04
-1.188146946818488607e-04
-1.168134904808145678e-04
-1.148357924689500883e-04
-1.129022724675768862e-04
-1.109907986575375577e-04
-1.091227986928349218e-04
-1.072750796634485050e-04
-1.054682415534072954e-04
-1.036837510521653008e-04
-1.019369524953743565e-04
-1.002107943271825929e-04
-9.852437706650220186e-05
-9.685524703768571132e-05
-9.522484507708978976e-05
-9.361295587413483361e-05
-9.203586030096338436e-05
-9.047634563037800230e-05
-8.895305270151639609e-05
-8.744757845654266694e-05
-8.597321246935052917e-05
-8.451808932330953812e-05
-8.309516454065012396e-05
-8.168836224193465779e-05
-8.031235948228417673e-05
-7.895238399503006746e-05
-7.762281843354600184e-05
-7.630772670350050284e-05
-7.502372370906178428e-05
-7.375232334743778173e-05
-7.251036711241403104e-05
-7.128222599928776501e-05
-7.008168037136128269e-05
-6.889565879411528571e-05
-6.773443492482400540e-05
-6.658748451573457208e-05
-6.546533554851597227e-05
-6.435665792656651769e-05
-6.327351276891392024e-05
-6.220141845265136416e-05
-6.115383463992192980e-05
-6.011761476145574507e-05
-5.910603523182742414e-05
-5.810468710855697306e-05
-5.712649715972146678e-05
-5.615863120557008459e-05
-5.521134157510598582e-05
-5.427749490611262820e-05
-5.336298646390346420e-05
-5.245977448409193757e-05
-5.157528670537911690e-05
-5.070151070430417854e-05
-4.984704093133640352e-05
-4.900383549067308347e-05
-4.817808230372656989e-05
-4.736239118342073715e-05
-4.656520997323320321e-05
-4.577655521283363832e-05
-4.500345463008327042e-05
-4.424210626619336234e-05
-4.349728259664983714e-05
-4.276059450989516778e-05
-4.204073453229394076e-05
-4.132821245561127838e-05
-4.063055596915085327e-05
-3.994383574001495347e-05
-3.927042131169320333e-05
-3.860540534055807531e-05
-3.795453974388537856e-05
-3.731177273437732218e-05
-3.668373370895126867e-05
-3.606150273864994427e-05
-3.545436429685685072e-05
-3.485480677776751934e-05
-3.426614821390870956e-05
-3.368674711190313450e-05
-3.311970412604560237e-05
-3.255810298107970723e-05
-3.201002194406665400e-05
-3.146808015347191063e-05
-3.093823352164752242e-05
-3.041235455748243332e-05
-2.990111435266322370e-05
-2.939497392967240394e-05
-2.889926666613704698e-05
-2.841079986053620730e-05
-2.793118436996011933e-05
-2.745859345199586177e-05
-2.699451126402290784e-05
-2.653816063880420529e-05
-2.609191325840971368e-05
-2.564944564505695015e-05
-2.521681931266416137e-05
-2.479010858305483135e-05
-2.437131403274797075e-05
-2.395930177297110586e-05
-2.355499261683169159e-05
-2.315584696109413825e-05
-2.276596567562236880e-05
-2.238211818422980117e-05
-2.200412794015311230e-05
-2.163072675715141543e-05
-2.126590058706036092e-05
-2.090535624415705164e-05
-2.055317558876223051e-05
-2.020618279579692431e-05
-1.986534580784465366e-05
-1.952864874826999589e-05
-1.919989641332376499e-05
-1.887536900854286677e-05
-1.855578488620697662e-05
-1.824286476107566697e-05
-1.793388426121811428e-05
-1.763095522278720684e-05
-1.733371800735132337e-05
-1.704116521572366188e-05
-1.675301684859096691e-05
-1.646916020967740082e-05
-1.619068476820716357e-05
-1.591737795532966864e-05
-1.564916236086913952e-05
-1.538440261684379537e-05
-1.512533806714261236e-05
-1.487005998886269825e-05
-1.461710053424553602e-05
-1.437047847569731717e-05
-1.412747947791650980e-05
-1.388986126266334037e-05
-1.365393420253160637e-05
-1.342450334306216366e-05
-1.319603140122351700e-05
-1.297464816947946043e-05
-1.275319872629581013e-05
-1.253898464448964722e-05
-1.232588270661273745e-05
-1.211997114626447518e-05
-1.191274854414146997e-05
-1.171313920268861940e-05
-1.151334047980151799e-05
-1.132030048209102863e-05
-1.112834442780431045e-05
-1.094089673241583996e-05
-1.075586395579887109e-05
-1.057473596616368909e-05
-1.039491908380383180e-05
-1.021989582587386586e-05
-1.004557322285090607e-05
-9.878417006419166333e-06
-9.710264644177633910e-06
-9.546043753784261410e-06
-9.383920385647463299e-06
-9.226319977068209039e-06
-9.069122375838760481e-06
-8.917979880791054937e-06
-8.763848028915443566e-06
-8.619491053416911166e-06
-8.471763441289211546e-06
-8.330051685281695260e-06
-8.188497176049690720e-06
-8.051213886202082437e-06
-7.914638445261773853e-06
-7.782287829413619542e-06
-7.646025567876394745e-06
-7.520361916322746180e-06
-7.391360151483850681e-06
-7.268015652997403469e-06
-7.143317233976539214e-06
-7.025707625697912319e-06
-6.903046712088069252e-06
-6.788689517856297679e-06
-6.672505437132468531e-06
-6.562253370450816224e-06
-6.448999529842728209e-06
-6.341329549563051703e-06
-6.231287045113780529e-06
-6.128783675554498104e-06
-6.022221413876992695e-06
-5.922365248097668377e-06
-5.821281404494880219e-06
-5.724519471914182335e-06
-5.625694504465491779e-06
-5.532069735583884324e-06
-5.437383324410395817e-06
-5.347736671293802055e-06
-5.255718547811869193e-06
-5.168450359441698638e-06
-5.077449056567958406e-06
-4.993658169346444441e-06
-4.907095010984093358e-06
-4.825880463897542155e-06
-4.741820341436493076e-06
-4.664519701420104812e-06
-4.582930163900026749e-06
-4.507730073908914831e-06
-4.429426550414198540e-06
-4.356624654827442556e-06
-4.279673717863319833e-06
-4.211160756473543047e-06
-4.137345501584204512e-06
-4.069396032326030985e-06
-3.997453164080624183e-06
-3.932309922173800804e-06
-3.863297561204034856e-06
-3.800866429184492654e-06
-3.732863482535123402e-06
-3.672801243431162397e-06
-3.607989466948101049e-06
-3.550508160732381204e-06
-3.484738627388142582e-06
-3.429710139919682962e-06
-3.368758985431380349e-06
-3.315826935304236512e-06
-3.253501906835829443e-06
-3.203473159665656144e-06
-3.145922108886951035e-06
-3.095398219813207999e-06
-3.040080286345474432e-06
-2.992098739866487485e-06
-2.937000283024921267e-06
-2.891313253074007666e-06
-2.838300208580403398e-06
-2.794259734837058628e-06
-2.742498396347470814e-06
-2.699984105039028978e-06
-2.650380878555711584e-06
-2.610582878219111732e-06
-2.560961984409519123e-06
-2.520491386200937958e-06
-2.473897096982872248e-06
-2.435832154659555756e-06
-2.390643347472141078e-06
-2.353977685146758284e-06
-2.310336412138042317e-06
-2.273189688051684225e-06
-2.230784927640312810e-06
-2.196977222613418353e-06
-2.156386535719316240e-06
-2.125209264758915832e-06
-2.083338343254818312e-06
-2.051708315832081938e-06
-2.012211843772255455e-06
-1.981711084883820849e-06
-1.942690880005379933e-06
-1.914515288666670014e-06
-1.877252564118564378e-06
-1.850953586241265396e-06
-1.813263690484655170e-06
-1.787528174148855413e-06
-1.750328189750794201e-06
-1.726421130785259780e-06
-1.691424178267498778e-06
-1.667302949919496945e-06
-1.632773433562667193e-06
-1.609759209462519349e-06
-1.577156865975183347e-06
-1.554886588645383181e-06
-1.523199425580807117e-06
-1.501295216368793844e-06
-1.469826375875490454e-06
-1.451120988102957567e-06
-1.419594793370085203e-06
-1.399730951673453089e-06
-1.370036313981231895e-06
-1.351674586558705730e-06
-1.322997295981721042e-06
-1.305681068562685243e-06
-1.277354419698970929e-06
-1.260002296861236072e-06
-1.232052630091862347e-06
-1.216463240695862106e-06
-1.188460006096449853e-06
-1.173366482137017771e-06
-1.146628634206719515e-06
-1.132216195244729125e-06
-1.105078548549120362e-06
-1.092950841245189605e-06
-1.066248408200653533e-06
-1.052107470533427519e-06
-1.028140407819727028e-06
-1.016623703657409845e-06
-9.910437854094940858e-07
-9.797552174183347434e-07
-9.545427943803507683e-07
-9.448411728166335686e-07
-9.202195789700555578e-07
-9.112882016799646337e-07
-8.862270488593419778e-07
-8.774744484165025348e-07
-8.536787825465707540e-07
-8.448532355768132710e-07
-8.229667515534759810e-07
-8.147447051571258520e-07
-7.921619449824243133e-07
-7.824126979061904883e-07
-7.604993241489091830e-07
-7.533259932436445867e-07
-7.306244601826932997e-07
-7.252731584778130884e-07
-7.036040872759002598e-07
-6.971287291499801979e-07
-6.753261229868803244e-07
-6.697750870824463473e-07
-6.486657782688042996e-07
