-2.560920179953660683e-07
-2.343032327266006629e-07
-2.326980858775864853e-07
-2.212985751997722131e-07
-2.058892493345355052e-07
-1.936088495543129769e-07
-1.951901222118659510e-07
-1.700212027751436488e-07
-1.715755974789011733e-07
-1.554080633317996944e-07
-1.625998627265246062e-07
-1.395695475148465004e-07
-1.475431457468017217e-07
-1.285036782488466270e-07
-1.333477935399665905e-07
-1.117466859221719399e-07
-1.224508059966439233e-07
-1.023636327825044068e-07
-1.131181395629111593e-07
-9.987761304935287938e-08
-1.062145381135638978e-07
-8.031631170155014749e-08
-8.555007400151753779e-08
-8.256600854140036719e-08
-8.679241986673720847e-08
-7.027527477396673407e-08
-8.787782352841642954e-08
-5.966445630795674524e-08
-6.890548224269562094e-08
-6.588360417962191503e-08
-7.335290923458778237e-08
-4.841015145853820875e-08
-5.900079749503544727e-08
-4.915657069921872644e-08
-5.939437293001654189e-08
-3.737259253273922368e-08
-5.739880023702718751e-08
-3.856065255733620984e-08
-5.330862953970861716e-08
-2.116093474565121530e-08
-4.703621074466697002e-08
-3.316931619652598929e-08
-4.254873173055562984e-08
-3.122475777800279481e-08
-4.112395842803794678e-08
-1.922700829562161230e-08
-3.612910660853564665e-08
-1.674619666375338036e-08
-3.098931651246009658e-08
-2.217308391077005175e-08
-3.506549965398413324e-08
-9.485051971720050041e-09
-2.868877878601438288e-08
-8.388461069495890919e-10
-2.770003067476849463e-08
-2.501898491224323992e-09
-3.673843254394534817e-08
3.652066621786461992e-09
-3.458445595581053628e-08
-4.598251652903898632e-09
-2.630332918283560167e-08
3.518731295420847148e-09
-2.721687736379539192e-08
-6.469439151771689644e-10
-3.543073361850516441e-08
5.661019667026589622e-09
-2.343465270956716224e-08
8.479032422849398421e-09
-1.954832626390654691e-08
8.421823061680127656e-09
-2.476707762080285219e-08
1.044930529268391125e-08
-1.756505006754899307e-08
1.011071517763160907e-08
-2.415238840816185881e-08
5.759125155450200256e-09
-2.222360301067718467e-08
2.058119442238338816e-08
-2.621868051930218725e-08
1.328275499189406200e-08
-1.954604738031841227e-08
1.486861763195949562e-08
-3.194624768852942179e-08
1.489310898048823517e-08
-2.362341053132189137e-08
1.035284030805341606e-08
-2.560243199060678706e-08
5.496786128185466340e-09
-4.278717607931221566e-08
1.987883710640519189e-08
-3.282603652485293166e-08
7.601406634377828367e-09
-4.145647244991210048e-08
-1.148246916936401741e-09
-3.595223700390281948e-08
5.527759657372474931e-09
-5.062899716497931893e-08
-3.924769968968487944e-09
-5.878074422562789164e-08
-2.465067789922058252e-08
-7.759907407473269387e-08
-3.630194080667621847e-08
-9.503336831820228604e-08
-6.686898582431189720e-08
-1.306116555351246295e-07
-9.825268754238959615e-08
-1.753594552054055277e-07
-1.569873139176845993e-07
-2.441065928438523442e-07
-2.308824743509536108e-07
-3.244778994494660755e-07
-3.320491841861611825e-07
-4.567408833358849587e-07
-4.712598655669302549e-07
-6.342515530975238005e-07
-6.814538164159380992e-07
-8.971356537788604592e-07
-9.816901727765161704e-07
-1.240441812951186306e-06
-1.403384772818669212e-06
-1.751190932923133344e-06
-2.003226694402567863e-06
-2.477826575315926101e-06
-2.856994128053826622e-06
-3.484918048086854031e-06
-4.066624648109842174e-06
-4.937825293365575744e-06
-5.782731164177686013e-06
-6.987820581613922119e-06
-8.221950790486422025e-06
-9.886841775017528886e-06
-1.167468444982716666e-05
-1.398718175279378970e-05
-1.655485358703116740e-05
-1.981931311426657488e-05
-2.350188396866210417e-05
-2.808344676512392478e-05
-3.331742342756289582e-05
-3.979422029006003664e-05
-4.726786393202679528e-05
-5.638740789787536202e-05
-6.700804128979305626e-05
-7.989221843612724562e-05
-9.498494326646959602e-05
-1.132090591066269345e-04
-1.346266444965913984e-04
-1.603731509808533934e-04
-1.907435748618115275e-04
-2.271388560230105523e-04
-2.701501698274090058e-04
-3.215562634051363756e-04
-3.824046778804589936e-04
-4.549834873933469317e-04
-5.409120630950947422e-04
-6.432361809655100932e-04
-7.643491680466298847e-04
-9.083111836135826424e-04
-1.078581140823924901e-03
-1.280512509347048189e-03
-1.519018316780266099e-03
-1.801106624016261424e-03
-2.133555785492151878e-03
-2.525440437656836009e-03
-2.985722564874086424e-03
-3.525940844661071098e-03
-4.157562530479124233e-03
-4.894671427916066041e-03
-5.751292186806648138e-03
-6.743819546946896483e-03
-7.888254818245165126e-03
-9.202510465525236966e-03
-1.070331836508076756e-02
-1.240850721827988293e-02
-1.433361863488269265e-02
-1.649419110960870932e-02
-1.890229872030392555e-02
-2.156885676074756300e-02
-2.450038387167939938e-02
-2.770155805027530588e-02
-3.117220446020088284e-02
-3.491021655407553631e-02
-3.890884296115473817e-02
-4.315997717746580115e-02
-4.765157893982149839e-02
-5.237106271981843697e-02
-5.730293825950107806e-02
-6.243206395684411381e-02
-6.774129066085649020e-02
-7.321458370513844738e-02
-7.883461243646186500e-02
-8.458567316176361650e-02
-9.045120458314921674e-02
-9.641662533150172076e-02
-1.024666908896787326e-01
-1.085882775425116992e-01
-1.147677276749011904e-01
-1.209934922746934149e-01
-1.272534626716849138e-01
-1.335376356842359336e-01
-1.398353832104795302e-01
-1.461380660169508128e-01
-1.524363967566044753e-01
-1.587229477870235328e-01
-1.649895938315383837e-01
-1.712299506556198281e-01
-1.774368945556045185e-01
-1.836049455804538988e-01
-1.897278417188702770e-01
-1.958008567787884180e-01
-2.018184816513621249e-01
-2.077766402335056717e-01
-2.136704709034373817e-01
-2.194964714278822004e-01
-2.252503380002116029e-01
-2.309290800468577487e-01
-2.365289140247410216e-01
-2.420472934413389343e-01
-2.474809311683166257e-01
-2.528277117675317709e-01
-2.580848321488454777e-01
-2.632506055344369655e-01
-2.683227408973544725e-01
-2.733000284573124938e-01
-2.781807735084791955e-01
-2.829643522570211567e-01
-2.876497963181558482e-01
-2.922373013538764330e-01
-2.967271159033673111e-01
-3.011210500075819363e-01
-3.054226756063594950e-01
-3.096377914009583732e-01
-3.137653528540577663e-01
-3.178065940712867521e-01
-3.217607010659401801e-01
-3.256290961808239737e-01
-3.294108007938474914e-01
-3.331070383768605092e-01
-3.367170199170704259e-01
-3.402416426486902790e-01
-3.436802519568111780e-01
-3.470337970881290923e-01
-3.503015451764537880e-01
-3.534843065840514442e-01
-3.565812875145086269e-01
-3.595936573680475479e-01
-3.625205220679378337e-01
-3.653629034124183939e-01
-3.681199980850449749e-01
-3.707927780468450729e-01
-3.733804928598539741e-01
-3.758841250669518463e-01
-3.783029459183978593e-01
-3.806379516765584503e-01
-3.828884461789190952e-01
-3.850554482458634631e-01
-3.871382964784687020e-01
-3.891380260913791522e-01
-3.910540227758071974e-01
-3.928873426417203718e-01
-3.946374138652846697e-01
-3.963053210256770043e-01
-3.978905363292877806e-01
-3.993941720531531958e-01
-4.008157467230692439e-01
-4.021564039688068637e-01
-4.034157052073947258e-01
-4.045948319380032743e-01
-4.056933894714326305e-01
-4.067125892477678750e-01
-4.076520915698003678e-01
-4.085131325241266875e-01
-4.092954240678409739e-01
-4.100002369004838720e-01
-4.106273309608441946e-01
-4.111780068761090590e-01
-4.116520761831627406e-01
-4.120508695574701674e-01
-4.123742478508747866e-01
-4.126235734613348249e-01
-4.127987530239624614e-01
-4.129011808976260633e-01
-4.129308121384999142e-01
-4.128890679159185062e-01
-4.127759510309604307e-01
-4.125929118152443786e-01
-4.123399966000170225e-01
-4.120186820495549407e-01
-4.116290637644668959e-01
-4.111726378610628951e-01
-4.106495421672594626e-01
-4.100613029497864881e-01
-4.094080949719731688e-01
-4.086914646098862014e-01
-4.079116321504909770e-01
-4.070701606274741979e-01
-4.061673059687458398e-01
-4.052046526275624450e-01
-4.041824935764410376e-01
-4.031024278730968025e-01
-4.019647814666782448e-01
-4.007711668495990698e-01
-3.995219436434068738e-01
-3.982187373719507373e-01
-3.968619354727148663e-01
-3.954531733672148608e-01
-3.939928660465200627e-01
-3.924826563067798091e-01
-3.909229838966700732e-01
-3.893154987418827040e-01
-3.876606632573957878e-01
-3.859601249771676401e-01
-3.842143696534612851e-01
-3.824250489417991838e-01
-3.805926620315928655e-01
-3.787188613249026226e-01
-3.768041595631018703e-01
-3.748502037481792337e-01
-3.728575218011257464e-01
-3.708277538396891337e-01
-3.687614406205958484e-01
-3.666602075869764832e-01
-3.645246061101902746e-01
-3.623562540628808004e-01
-3.601557042132253472e-01
-3.579245619804767298e-01
-3.556633841389229556e-01
-3.533737617198041692e-01
-3.510562510152076543e-01
-3.487124241900433352e-01
-3.463428399353192799e-01
-3.439490479603297124e-01
-3.415316042890909065e-01
-3.390920375146026511e-01
-3.366308967118594175e-01
-3.341496904547351932e-01
-3.316489596530202699e-01
-3.291301827973751593e-01
-3.265938963925824612e-01
-3.240415524645264833e-01
-3.214736752469709025e-01
-3.188916864488344771e-01
-3.162960992712231523e-01
-3.136883069511082756e-01
-3.110688073374992535e-01
-3.084389616173062176e-01
-3.057992527290935847e-01
-3.031510103140137580e-01
-3.004946984908681284e-01
-2.978316146050496993e-01
-2.951622051273110614e-01
-2.924877318186419606e-01
-2.898086223655479410e-01
-2.871261036561147395e-01
-2.844405810562478654e-01
-2.817532479941643464e-01
-2.790644874092360062e-01
-2.763754563172782230e-01
-2.736865155280737150e-01
-2.709987851653036239e-01
-2.683126027593304430e-01
-2.656290527990036732e-01
-2.629484504145388479e-01
-2.602718377319965803e-01
-2.575995090515572072e-01
-2.549324713105781126e-01
-2.522709911800409821e-01
-2.496160370573082821e-01
-2.469678566697547373e-01
-2.443273776598259839e-01
-2.416948224294516723e-01
-2.390710825637857584e-01
-2.364563551743359970e-01
-2.338514950928422265e-01
-2.312566761140462390e-01
-2.286727161357531568e-01
-2.260997631620290382e-01
-2.235385992055001492e-01
-2.209893504985188661e-01
-2.184527616595421384e-01
-2.159289343211814594e-01
-2.134185805460758756e-01
-2.109217760489883187e-01
-2.084391980247783938e-01
-2.059709030479011105e-01
-2.035175314284712600e-01
-2.010791179266655793e-01
-1.986562703948193120e-01
-1.962490015223173900e-01
-1.938578867618034329e-01
-1.914829170651589640e-01
-1.891246377313151594e-01
-1.867830200322062317e-01
-1.844585754272856926e-01
-1.821512582349309461e-01
-1.798615487377396849e-01
-1.775893823024176643e-01
-1.753352123768651405e-01
-1.730989534404783203e-01
-1.708810327098416459e-01
-1.686813461370602341e-01
-1.665002950036215401e-01
-1.643377606615697983e-01
-1.621941125328549005e-01
-1.600692200023429712e-01
-1.579634283814240203e-01
-1.558765910631073059e-01
-1.538090280383309361e-01
-1.517605788288710345e-01
-1.497315433279766406e-01
-1.477217427586861032e-01
-1.457314585783916483e-01
-1.437604990158580509e-01
-1.418091239891497712e-01
-1.398771319422920933e-01
-1.379647562546396089e-01
-1.360717899718126012e-01
-1.341984492803514895e-01
-1.323445106858397446e-01
-1.305101753412850341e-01
-1.286952119691291141e-01
-1.268998024820185422e-01
-1.251237083339418188e-01
-1.233670922922397439e-01
-1.216297076417225814e-01
-1.199117071498238679e-01
-1.182128329110151699e-01
-1.165332215217511763e-01
-1.148726110220837510e-01
-1.132311242900915227e-01
-1.116084925716440551e-01
-1.100048257998245821e-01
-1.084198496223032770e-01
-1.068536631272374443e-01
-1.053059867324713378e-01
-1.037769079575628639e-01
-1.022661441924883202e-01
-1.007737693421704162e-01
-9.929950016052863093e-02
-9.784340096952061361e-02
-9.640518280599799650e-02
-9.498490289554419042e-02
-9.358226950082731976e-02
-9.219733120546125260e-02
-9.082979439557316292e-02
-8.947969779737406648e-02
-8.814675023183403402e-02
-8.683098058996205348e-02
-8.553209644632465969e-02
-8.425012117584367022e-02
-8.298476019061160058e-02
-8.173603179051341927e-02
-8.050364143198915357e-02
-7.928760184561640945e-02
-7.808761720397983108e-02
-7.690369604454347363e-02
-7.573554328820181203e-02
-7.458316258701770674e-02
-7.344625899588635987e-02
-7.232483349757323765e-02
-7.121859072164622717e-02
-7.012752774689631763e-02
-6.905135281904734024e-02
-6.799005721859878448e-02
-6.694335209353775851e-02
-6.591122423799652963e-02
-6.489338833862945410e-02
-6.388982982093334428e-02
-6.290026132943779547e-02
-6.192466809008088241e-02
-6.096276794793706322e-02
-6.001453983347145721e-02
-5.907970486708599006e-02
-5.815824158711262876e-02
-5.724987453620994371e-02
-5.635457934262004531e-02
-5.547208279813796439e-02
-5.460236029322985268e-02
-5.374514337891819760e-02
-5.290040410975431484e-02
-5.206787545034551046e-02
-5.124753111701970537e-02
-5.043910905799278005e-02
-4.964258177647702663e-02
-4.885768750631953872e-02
-4.808440063847765900e-02
-4.732246215993658744e-02
-4.657184472993082525e-02
-4.583229754207942402e-02
-4.510378990137347416e-02
-4.438607453893585880e-02
-4.367912277819294836e-02
-4.298268698808977578e-02
-4.229674299664857445e-02
-4.162104561328729135e-02
-4.095556808095930645e-02
-4.030007415082340755e-02
-3.965453541657829734e-02
-3.901871698948193579e-02
-3.839259275474920380e-02
-3.777593267552588341e-02
-3.716871061904073598e-02
-3.657070008554309803e-02
-3.598187573969215125e-02
-3.540201297900114757e-02
-3.483109091890427417e-02
-3.426888749070631374e-02
-3.371538185203588195e-02
-3.317035683890015574e-02
-3.263378878770348268e-02
-3.210546860704201200e-02
-3.158537387762033050e-02
-3.107329673874462128e-02
-3.056921718175215422e-02
-3.007292828930682380e-02
-2.958441540614923163e-02
-2.910347499821577810e-02
-2.863008914096956681e-02
-2.816406292665931885e-02
-2.770537644748710324e-02
-2.725383936336012516e-02
-2.680943335556358609e-02
-2.637197102552816391e-02
-2.594143460713446009e-02
-2.551764157820009607e-02
-2.510057724029949797e-02
-2.469005678794640793e-02
-2.428607245116306060e-02
-2.388844101753824153e-02
-2.349715172209595679e-02
-2.311203241983022724e-02
-2.273307003367281212e-02
-2.236009347922173623e-02
-2.199309429160171969e-02
-2.163190421054757284e-02
-2.127651264926147187e-02
-2.092675681111320560e-02
-2.058262885250137023e-02
-2.024396778162555061e-02
-1.991076663125194990e-02
-1.958286991785812559e-02
-1.926026813045866176e-02
-1.894280922168917192e-02
-1.863048938610647673e-02
-1.832315612336473873e-02
-1.802080426871220317e-02
-1.772328927260120868e-02
-1.743060701249300390e-02
-1.714261144300929449e-02
-1.685930216898775397e-02
-1.658053682552526956e-02
-1.630631431546148910e-02
-1.603649656939986137e-02
-1.577108214934680105e-02
-1.550993745649524580e-02
-1.525306111252695482e-02
-1.500032254796807366e-02
-1.475172063928411464e-02
-1.450712839504635261e-02
-1.426654655333576584e-02
-1.402984880717574045e-02
-1.379703627216234164e-02
-1.356798780188110849e-02
-1.334270519573134764e-02
-1.312106697084259102e-02
-1.290307651315647508e-02
-1.268861857113898726e-02
-1.247769574011839584e-02
-1.227019165648425211e-02
-1.206611507160357775e-02
-1.186534798250972293e-02
-1.166789965156169069e-02
-1.147365781067013167e-02
-1.128263116037921641e-02
-1.109470940926789509e-02
-1.090990094509749347e-02
-1.072809970718002943e-02
-1.054931337645632211e-02
-1.037343806317931119e-02
-1.020048275804959909e-02
-1.003034708045189363e-02
-9.863037380717542407e-03
-9.698456658215122428e-03
-9.536615364150740834e-03
-9.377414055004964707e-03
-9.220866347251856915e-03
-9.066871740171430008e-03
-8.915446705470602556e-03
-8.766495388456278445e-03
-8.620031012929388683e-03
-8.475959602906167623e-03
-8.334296347185399939e-03
-8.194948549671192753e-03
-8.057932404372469826e-03
-7.923157868612997617e-03
-7.790640296786972320e-03
-7.660290308565540461e-03
-7.532126996085155429e-03
-7.406059728719254637e-03
-7.282108366216196935e-03
-7.160188058719613863e-03
-7.040314262562995425e-03
-6.922404416666539870e-03
-6.806476640893917469e-03
-6.692448690475691526e-03
-6.580338590690227446e-03
-6.470066939776085088e-03
-6.361652522511041137e-03
-6.255015278883053857e-03
-6.150174809266840611e-03
-6.047052971639570694e-03
-5.945672422520574887e-03
-5.845953287298576509e-03
-5.747919943258315845e-03
-5.651492566967173010e-03
-5.556694985201232270e-03
-5.463454001470642585e-03
-5.371790260237236693e-03
-5.281628999905643544e-03
-5.192994709590796100e-03
-5.105814691591455297e-03
-5.020111665497512844e-03
-4.935816744912488452e-03
-4.852948435967781998e-03
-4.771440577170125985e-03
-4.691316836580295552e-03
-4.612507609208024370e-03
-4.535036801685755209e-03
-4.458838167286633888e-03
-4.383933720264342540e-03
-4.310258532180406485e-03
-4.237837395159244243e-03
-4.166602981452563470e-03
-4.096584336463421697e-03
-4.027711819475342410e-03
-3.960014895542269230e-03
-3.893426162500683661e-03
-3.827975611200139499e-03
-3.763597681637548525e-03
-3.700318020013244717e-03
-3.638076129027442446e-03
-3.576898060444811279e-03
-3.516721454403972779e-03
-3.457575234317551531e-03
-3.399398049310460752e-03
-3.342217011852124508e-03
-3.285970177817521595e-03
-3.230690186725932063e-03
-3.176313212195317360e-03
-3.122870092835133057e-03
-3.070300686542982820e-03
-3.018634750815257263e-03
-2.967812457686947597e-03
-2.917864868772921273e-03
-2.868733266500962404e-03
-2.820448161114993448e-03
-2.772949657313140363e-03
-2.726270204746599705e-03
-2.680352834413681808e-03
-2.635226797434732024e-03
-2.590837699514233778e-03
-2.547213999697811506e-03
-2.504301899375241825e-03
-2.462132207188225032e-03
-2.420648102518853720e-03
-2.379883950826474585e-03
-2.339781179220409759e-03
-2.300373566543909530e-03
-2.261606356567265070e-03
-2.223512092338706531e-03
-2.186036543648737715e-03
-2.149212155689431570e-03
-2.112985322539236155e-03
-2.077388420436252110e-03
-2.042367695042668178e-03
-2.007958017999344862e-03
-1.974105226783543637e-03
-1.940842301372139181e-03
-1.908118663874272276e-03
-1.875965433769270340e-03
-1.844332351324077428e-03
-1.813250993675512290e-03
-1.782672275321639521e-03
-1.752629364864640793e-03
-1.723070491943622280e-03
-1.694029948859612517e-03
-1.665456242892943009e-03
-1.637385172425136334e-03
-1.609765602105017084e-03
-1.582630131458180080e-03
-1.555932154455637838e-03
-1.529703694342234629e-03
-1.503896376343945383e-03
-1.478543387503386281e-03
-1.453597174707690638e-03
-1.429091004397789813e-03
-1.404977679254908792e-03
-1.381289506684080714e-03
-1.357980705998171550e-03
-1.335084764659548624e-03
-1.312553229898476281e-03
-1.290421775275436009e-03
-1.268643433327671342e-03
-1.247251134863369389e-03
-1.226199301732233031e-03
-1.205522891121775650e-03
-1.185173926045491027e-03
-1.165187813458203612e-03
-1.145519134827595710e-03
-1.126201612525809439e-03
-1.107188557347127920e-03
-1.088517195412741978e-03
-1.070139845780017536e-03
-1.052092036894592547e-03
-1.034327931027054746e-03
-1.016883719519256785e-03
-9.997132105897281115e-04
-9.828535076628849322e-04
-9.662562952323032039e-04
-9.499595720870512372e-04
-9.339169245728992739e-04
-9.181662922312580633e-04
-9.026593077092810074e-04
-8.874348250227638525e-04
-8.724462905905089327e-04
-8.577315442686398459e-04
-8.432430443715158239e-04
-8.290207266056830388e-04
-8.150170597070522565e-04
-8.012704274812966487e-04
-7.877342421053377345e-04
-7.744484172999126790e-04
-7.613634763162358378e-04
-7.485223558411485938e-04
-7.358757943902895357e-04
-7.234641925232731998e-04
-7.112397292125353107e-04
-6.992436881365874258e-04
-6.874284508807679620e-04
-6.758328097153467641e-04
-6.644132677435844476e-04
-6.532072425961038455e-04
-6.421674561185215530e-04
-6.313369740131569412e-04
-6.206662518967341266e-04
-6.101983278553312637e-04
-5.998853802162838929e-04
-5.897671157538834138e-04
-5.797990396986475638e-04
-5.700199579056372491e-04
-5.603840068203000012e-04
-5.509330767886198204e-04
-5.416187434172663358e-04
-5.324846067156212715e-04
-5.234822473732410591e-04
-5.146541359830474364e-04
-5.059524033771569231e-04
-4.974202500820637182e-04
-4.890082715747774006e-04
-4.807628199260388234e-04
-4.726330019466169936e-04
-4.646630455652291949e-04
-4.568043754865525486e-04
-4.491019918471023695e-04
-4.415066131278357585e-04
-4.340633796553403632e-04
-4.267204717192689054e-04
-4.195259814336579408e-04
-4.124283916677841453e-04
-4.054758405565940852e-04
-3.986162245048319001e-04
-3.918955963537093220e-04
-3.852649805197926546e-04
-3.787711928006506847e-04
-3.723611037872398511e-04
-3.660842392645094912e-04
-3.598895560353812680e-04
-3.538230249396988152e-04
-3.478356505417893349e-04
-3.419732640715546354e-04
-3.361854478293039889e-04
-3.305185821139893041e-04
-3.249240494325961810e-04
-3.194483794922885135e-04
-3.140404874609394200e-04
-3.087487321780017324e-04
-3.035202366816323492e-04
-2.984072196119541553e-04
-2.933540620452023740e-04
-2.884125199244375309e-04
-2.835283903773712301e-04
-2.787520329927479688e-04
-2.740304450855603983e-04
-2.694143715717287817e-04
-2.648502235682977319e-04
-2.603908519020951915e-04
-2.559783481391417767e-04
-2.516684488250485008e-04
-2.474040089167015293e-04
-2.432382040315544058e-04
-2.391157589536944364e-04
-2.350901429427578371e-04
-2.311054317694233870e-04
-2.272155563134662531e-04
-2.233628534061084833e-04
-2.196044774692832205e-04
-2.158802058883651403e-04
-2.122484997686207252e-04
-2.086481907603339870e-04
-2.051383239865593418e-04
-2.016574163881054704e-04
-1.982666413261233943e-04
-1.949022385682711749e-04
-1.916246400896683827e-04
-1.883727562454614267e-04
-1.852056535364928261e-04
-1.820615710430998680e-04
-1.790013534194242627e-04
-1.759632199820754792e-04
-1.730041794485536583e-04
-1.700666226181932704e-04
-1.672098078555797184e-04
-1.643689550210731512e-04
-1.616077655397283968e-04
-1.588616506352610771e-04
-1.561938584413004121e-04
-1.535399535928297897e-04
-1.509620199865931731e-04
-1.483950204042845493e-04
-1.459043534016161623e-04
-1.434238915560199547e-04
-1.410172251974397249e-04
-1.386174531120437398e-04
-1.362931134558647975e-04
-1.339735861147451843e-04
-1.317272448859888143e-04
-1.294846097639031296e-04
-1.273141183877434370e-04
-1.251466347637505928e-04
-1.230500167287764681e-04
-1.209538794792262676e-04
-1.189270257643772801e-04
-1.169008179413373778e-04
-1.149429482918384578e-04
-1.129838891842305172e-04
-1.110929005003500274e-04
-1.091979910560707918e-04
-1.073712305015866347e-04
-1.055392745295343935e-04
-1.037736510380752540e-04
-1.020018963287840503e-04
-1.002975297878948746e-04
-9.858381982050479176e-05
-9.693777336573787442e-05
-9.528155488162071108e-05
-9.369101080797538595e-05
-9.208867355388653756e-05
-9.055258501149193652e-05
-8.900292219217255970e-05
-8.751795205227070132e-05
-8.601986114396988460e-05
-8.458600890770959148e-05
-8.313876308999317444e-05
-8.175297855664990837e-05
-8.035248741789411081e-05
-7.901486049039283368e-05
-7.765920936897240502e-05
-7.636754246534130559e-05
-7.505694522447896343e-05
-7.380989687436733261e-05
-7.254172998758906228e-05
-7.133614122471129682e-05
-7.011138686869702375e-05
-6.894693820348392376e-05
-6.776147738721541509e-05
-6.663706553862829549e-05
-6.548975719804349274e-05
-6.440569752646627848e-05
-6.329610550278235792e-05
-6.224792289159688640e-05
-6.117464785144121567e-05
-6.016243839832743066e-05
-5.912461949244633268e-05
-5.814746069102156293e-05
-5.714233481497483363e-05
-5.619934946572614792e-05
-5.522754016012927013e-05
-5.431769407899020009e-05
-5.337640908763996206e-05
-5.249761639028214735e-05
-5.158734886236621332e-05
-5.073973586214760694e-05
-4.985809198524735695e-05
-4.904075608752520135e-05
-4.818799752995366330e-05
-4.739753350988533843e-05
-4.657228450194727002e-05
-4.581034391937837189e-05
-4.501142787168147853e-05
-4.427543426327490195e-05
-4.350235960630524168e-05
-4.279356212445171754e-05
-4.204472731476724981e-05
-4.135964974076293017e-05
-4.063622999681297862e-05
-3.997419080683655850e-05
-3.927383889446269325e-05
-3.863595291786293609e-05
-3.795646230524615523e-05
-3.734229006875349751e-05
-3.668447361935620038e-05
-3.609178436382680908e-05
-3.545537886487962572e-05
-3.488334125427703161e-05
-3.426713566193057134e-05
-3.371485480115172601e-05
-3.311843255894126551e-05
-3.258649812740088897e-05
-3.200697163765430485e-05
-3.149620707291391500e-05
-3.093586823171018819e-05
-3.044098516492670442e-05
-2.989858965925749483e-05
-2.942131798165407096e-05
-2.889559775296842066e-05
-2.843605965536506635e-05
-2.792803801292402351e-05
-2.748423096186570767e-05
-2.699148874841644639e-05
-2.656433196359635348e-05
-2.608592009018492785e-05
-2.567491115120679624e-05
-2.521186662522151216e-05
-2.481652719474624331e-05
-2.436606724595798498e-05
-2.398570907379923058e-05
-2.354958550940766898e-05
-2.318278025636590526e-05
-2.275997060893347000e-05
-2.240745581405109577e-05
-2.199687733453695662e-05
-2.165762042516707200e-05
-2.125879186290665897e-05
-2.093252675649977652e-05
-2.054605261858320967e-05
-2.023227321868968585e-05
-1.985702976407746007e-05
-1.955501576498051261e-05
-1.919168243002046219e-05
-1.890069846572464175e-05
-1.854788297263404860e-05
-1.826846723883077461e-05
-1.792612182323274968e-05
-1.765784323378642622e-05
-1.732459267886598194e-05
-1.706692750567083078e-05
-1.674352896737484471e-05
-1.649559862922376756e-05
-1.618230131189714367e-05
-1.594601042611395791e-05
-1.563931622595389739e-05
-1.541149040554151873e-05
-1.511478608363949222e-05
-1.489718024668502094e-05
-1.460819037917219089e-05
-1.439858111493866368e-05
-1.411814495428785546e-05
-1.391846502137790193e-05
-1.364533315759813690e-05
-1.345252817580292517e-05
-1.318658009089894640e-05
-1.300354933743836901e-05
-1.274405673840769905e-05
-1.256897970306375874e-05
-1.231623516491176151e-05
-1.214915055994742709e-05
-1.190384542945610162e-05
-1.174365682466558576e-05
-1.150520632860761533e-05
-1.135128800108093913e-05
-1.111873740422737382e-05
-1.097256954829573208e-05
-1.074573550353460571e-05
-1.060667778810309823e-05
-1.038589009659891966e-05
-1.025306511756117767e-05
-1.003708444565338874e-05
-9.911097201210149906e-06
-9.700740870051859972e-06
-9.580386888086730749e-06
-9.375773151922291607e-06
-9.261163289720708650e-06
-9.061769278735771723e-06
-8.953593240120021353e-06
-8.758688262198569593e-06
-8.655493559324421669e-06
-8.464169970058570117e-06
-8.367295957628113014e-06
-8.179715513365142836e-06
-8.088714548006128278e-06
-7.907232961994917171e-06
-7.820045493593118143e-06
-7.641732274154399714e-06
-7.560462694949580960e-06
-7.385462537547090750e-06
-7.309022605422194650e-06
-7.138384681901642789e-06
-7.067633754659622822e-06
-6.899148666906343755e-06
-6.831581601260881505e-06
-6.668158389548192624e-06
-6.604676213155763065e-06
-6.445368567770593471e-06
-6.385888284875041348e-06
-6.229345087090399999e-06
-6.174721980835431184e-06
-6.020783004617710413e-06
-5.970678686505209669e-06
-5.819194879148217075e-06
-5.772940347250926058e-06
-5.624438302266860395e-06
-5.583240457394338600e-06
-5.436254384623335422e-06
-5.397981405849524939e-06
-5.256031873731374887e-06
