1.000000133472346064e+00
1.000000121033925993e+00
1.000000120499430212e+00
1.000000118253090209e+00
1.000000105412821805e+00
1.000000100838587480e+00
1.000000102301702665e+00
1.000000086270972144e+00
1.000000087899914236e+00
1.000000079331046621e+00
1.000000085757001500e+00
1.000000071221762932e+00
1.000000077597077208e+00
1.000000066843464985e+00
1.000000070524817097e+00
1.000000056421422201e+00
1.000000064499299457e+00
1.000000052631382808e+00
1.000000060527764356e+00
1.000000054232749180e+00
1.000000057179134760e+00
1.000000040514973820e+00
1.000000042326854910e+00
1.000000045508943503e+00
1.000000046436565482e+00
1.000000037455629931e+00
1.000000049872535879e+00
1.000000030741069912e+00
1.000000035031400891e+00
1.000000039151369036e+00
1.000000041729699474e+00
1.000000025770965140e+00
1.000000030779087501e+00
1.000000027728143115e+00
1.000000032999318833e+00
1.000000019538736185e+00
1.000000032696540364e+00
1.000000022314850634e+00
1.000000030675249674e+00
1.000000008135481622e+00
1.000000025899495881e+00
1.000000020198613448e+00
1.000000022973419167e+00
1.000000019756673186e+00
1.000000022783516407e+00
1.000000010252505511e+00
1.000000019461764644e+00
1.000000009279953472e+00
1.000000015240689377e+00
1.000000015024461009e+00
1.000000019846161381e+00
1.000000004783055507e+00
1.000000014386502434e+00
9.999999974218755083e-01
1.000000014068983756e+00
9.999999991713288683e-01
1.000000022838903879e+00
9.999999950707930685e-01
1.000000021429628960e+00
1.000000003247741631e+00
1.000000014024068129e+00
9.999999965307810879e-01
1.000000015351635296e+00
1.000000000829594837e+00
1.000000022970539471e+00
9.999999959876800792e-01
1.000000012371247582e+00
9.999999939820067851e-01
1.000000009381825095e+00
9.999999942244872653e-01
1.000000014063696208e+00
9.999999932013199366e-01
1.000000007337160879e+00
9.999999937672084949e-01
1.000000013618728145e+00
9.999999979189367894e-01
1.000000012349428813e+00
9.999999855233103752e-01
1.000000015517878760e+00
9.999999927941396471e-01
1.000000009636867970e+00
9.999999914594353001e-01
1.000000020509197229e+00
9.999999922790711038e-01
1.000000013201112425e+00
9.999999966224248915e-01
1.000000014843429152e+00
1.000000001246118542e+00
1.000000030200222323e+00
9.999999890240768297e-01
1.000000021328596223e+00
1.000000001138027450e+00
1.000000029422467351e+00
1.000000009575781057e+00
1.000000024559551504e+00
1.000000004190940261e+00
1.000000037807063924e+00
1.000000013562790002e+00
1.000000045175217345e+00
1.000000034018887263e+00
1.000000062832778092e+00
1.000000045941520366e+00
1.000000080146615788e+00
1.000000075876053662e+00
1.000000113917859368e+00
1.000000107535603755e+00
1.000000157104147913e+00
1.000000164208897369e+00
1.000000223571949842e+00
1.000000236821534827e+00
1.000000302393696083e+00
1.000000335880471214e+00
1.000000429914367439e+00
1.000000472465248702e+00
1.000000601851354753e+00
1.000000677449993436e+00
1.000000856478316713e+00
1.000000970344199880e+00
1.000001191054175731e+00
1.000001381150874780e+00
1.000001687200659628e+00
1.000001965422325778e+00
1.000002392876860435e+00
1.000002796955089757e+00
1.000003373050886823e+00
1.000003973867176432e+00
1.000004785349095204e+00
1.000005644606936972e+00
1.000006778737609681e+00
1.000008018135418286e+00
1.000009598108776654e+00
1.000011377277297608e+00
1.000013588289428546e+00
1.000016127035134428e+00
1.000019260774522634e+00
1.000022885861180821e+00
1.000027300628739679e+00
1.000032437349305914e+00
1.000038692616495917e+00
1.000046009609976583e+00
1.000054835624843319e+00
1.000065217371903570e+00
1.000077704216598473e+00
1.000092437726448180e+00
1.000110117656595632e+00
1.000131008368219110e+00
1.000156006923469176e+00
1.000185610874696041e+00
1.000220969997759113e+00
1.000262876779090426e+00
1.000312843148813302e+00
1.000372112223234744e+00
1.000442683921697107e+00
1.000526369863653731e+00
1.000625897706045375e+00
1.000743843345429873e+00
1.000883914921841367e+00
1.001049740118541198e+00
1.001246283336450604e+00
1.001478601650547473e+00
1.001753273469728089e+00
1.002077194550252015e+00
1.002458966600803691e+00
1.002907652640180114e+00
1.003434279427278364e+00
1.004050408787001913e+00
1.004769609878186865e+00
1.005606028543229780e+00
1.006575596602363287e+00
1.007694541305928393e+00
1.008980448498174143e+00
1.010450496876549753e+00
1.012122456980819596e+00
1.014012676975082350e+00
1.016137061413681986e+00
1.018508993970146825e+00
1.021140318467037345e+00
1.024039476188637776e+00
1.027212698394157186e+00
1.030662371701071889e+00
1.034388552140377726e+00
1.038387614381752755e+00
1.042654109169409260e+00
1.047179537649610470e+00
1.051954309274716559e+00
1.056966705545762997e+00
1.062204740195226593e+00
1.067655104423570922e+00
1.073304929672190378e+00
1.079140659693009985e+00
1.085149661014978228e+00
1.091318999089636144e+00
1.097636994389806775e+00
1.104091830753297421e+00
1.110673095024203416e+00
1.117370329191543554e+00
1.124174491365763640e+00
1.131076449723425581e+00
1.138068508250557054e+00
1.145142794533790642e+00
1.152292795773937284e+00
1.159511771302624616e+00
1.166794253155890138e+00
1.174134469255478930e+00
1.181527846856370134e+00
1.188969437951278296e+00
1.196455440124620351e+00
1.203981601897941012e+00
1.211544760336572102e+00
1.219141264679922232e+00
1.226768500490536207e+00
1.234423328733697200e+00
1.242103621041301897e+00
1.249806676628673285e+00
1.257530805514086136e+00
1.265273723085221125e+00
1.273034134273322682e+00
1.280810164849612409e+00
1.288600926476678010e+00
1.296404978206148195e+00
1.304221868232226411e+00
1.312050666686603639e+00
1.319891465320658153e+00
1.327744017705620783e+00
1.335609199006539738e+00
1.343487712366970621e+00
1.351381634636335427e+00
1.359293576475062215e+00
1.367228561836633771e+00
1.375195789282953163e+00
1.383207317713554652e+00
1.391256950676812210e+00
1.399345014057354897e+00
1.407467989071004011e+00
1.415627680059213800e+00
1.423820991324739493e+00
1.432049652958103936e+00
1.440311490616412948e+00
1.448607540192053511e+00
1.456936189308563279e+00
1.465298696352628438e+00
1.473693184760589858e+00
1.482120572913144141e+00
1.490579354101319032e+00
1.499071331956107755e+00
1.507594131821607730e+00
1.516149200636218275e+00
1.524734523967748334e+00
1.533351280986117615e+00
1.541997592914982285e+00
1.550674548940191633e+00
1.559380242862906885e+00
1.568115700947056323e+00
1.576879017299813279e+00
1.585671146466336667e+00
1.594490177236760342e+00
1.603336992406083406e+00
1.612209678384851186e+00
1.621109053651299092e+00
1.630033193823151150e+00
1.638982855264185190e+00
1.647956107603901099e+00
1.656953646414017989e+00
1.665973531660707607e+00
1.675016400765327651e+00
1.684080301782666211e+00
1.693165823035441608e+00
1.702270999427038634e+00
1.711396364411922111e+00
1.720539947363092903e+00
1.729702225099215562e+00
1.738881221252276399e+00
1.748077363115443372e+00
1.757288666149472878e+00
1.766515508483863961e+00
1.775755897112436532e+00
1.785010168607372272e+00
1.794276319010680742e+00
1.803554640815747456e+00
1.812843125624362006e+00
1.822142025730512094e+00
1.831449324892298725e+00
1.840765236725339538e+00
1.850087740281446180e+00
1.859417013169810229e+00
1.868751030100172184e+00
1.878089933714125914e+00
1.887431699546308073e+00
1.896776435378952241e+00
1.906122112890326736e+00
1.915468816305621269e+00
1.924814514252155551e+00
1.934159262539916657e+00
1.943501035065005045e+00
1.952839860393956961e+00
1.962173715488155556e+00
1.971502607582153566e+00
1.980824518177977778e+00
1.990139436305194076e+00
1.999445349384776138e+00
2.008742227732305263e+00
2.018028067701962414e+00
2.027302826116835544e+00
2.036564510114010407e+00
2.045813063309836810e+00
2.055046504349180125e+00
2.064264768028834407e+00
2.073465887833547683e+00
2.082649792166964442e+00
2.091814528463408429e+00
2.100960019737875939e+00
2.110084333871539819e+00
2.119187391903501361e+00
2.128267280453383314e+00
2.137323922411869859e+00
2.146355424062812212e+00
2.155361710775050899e+00
2.164340915148783129e+00
2.173292965060170445e+00
2.182216022579922310e+00
2.191110018347377064e+00
2.199973143550602028e+00
2.208805340264732298e+00
2.217604826293080755e+00
2.226371555549482739e+00
2.235103778124176710e+00
2.243801460479810217e+00
2.252462886490814942e+00
2.261088035277156738e+00
2.269675228386339505e+00
2.278224459563677584e+00
2.286734086693630985e+00
2.295204124243012345e+00
2.303632964647994275e+00
2.312020643961992583e+00
2.320365593134252613e+00
2.328667867248596757e+00
2.336925942842001280e+00
2.345139892858626229e+00
2.353308237054016594e+00
2.361431071394628489e+00
2.369506958089743875e+00
2.377536017700103699e+00
2.385516856053249590e+00
2.393449619110217697e+00
2.401332956106189354e+00
2.409167039042900527e+00
2.416950564069605623e+00
2.424683728702587970e+00
2.432365274221105267e+00
2.439995424782793521e+00
2.447572967658081300e+00
2.455098156014498656e+00
2.462569820992301484e+00
2.469988245240458902e+00
2.477352305864862103e+00
2.484662312580587784e+00
2.491917190236082380e+00
2.499117275061482957e+00
2.506261538075375661e+00
2.513350344129530622e+00
2.520382711563548206e+00
2.527359030120424066e+00
2.534278364434901398e+00
2.541141133568191712e+00
2.547946445456561015e+00
2.554694745324907146e+00
2.561385188014802416e+00
2.568018245568957081e+00
2.574593114414478467e+00
2.581110293757750807e+00
2.587569023053898132e+00
2.593969827376639614e+00
2.600311988415481501e+00
2.606596055713328308e+00
2.612821352004248254e+00
2.618988451420690478e+00
2.625096718644079008e+00
2.631146749479521763e+00
2.637137946024437518e+00
2.643070928632305971e+00
2.648945138308498759e+00
2.654761214711935047e+00
2.660518638996432816e+00
2.666218068315435286e+00
2.671859020186898359e+00
2.677442173792607072e+00
2.682967078970163843e+00
2.688434433108223498e+00
2.693843820788897059e+00
2.699195955415408132e+00
2.704490456551089217e+00
2.709728050404331956e+00
2.714908389564854030e+00
2.720032214622173150e+00
2.725099207179220162e+00
2.730110124276173611e+00
2.735064673576685479e+00
2.739963624988555502e+00
2.744806714273572368e+00
2.749594722733980756e+00
2.754327413301312699e+00
2.759005574559724838e+00
2.763628996205268695e+00
2.768198477747965125e+00
2.772713828350767074e+00
2.777175859743910902e+00
2.781584400673561497e+00
2.785940271383703148e+00
2.790243320745477096e+00
2.794494373524305963e+00
2.798693302509327019e+00
2.802840934270545148e+00
2.806937161966085892e+00
2.810982812558905586e+00
2.814977801896466403e+00
2.818922958042682669e+00
2.822818210499566494e+00
2.826664391095758955e+00
2.830461446627603017e+00
2.834210207798371517e+00
2.837910634508836960e+00
2.841563559158708951e+00
2.845168955197410199e+00
2.848727654669585885e+00
2.852239643133850588e+00
2.855705748965811086e+00
2.859125971337425298e+00
2.862501135023567844e+00
2.865831248974109791e+00
2.869117135801233065e+00
2.872358814724177645e+00
2.875557105162953153e+00
2.878712031092638846e+00
2.881824409467498960e+00
2.884894275238187866e+00
2.887922437454881752e+00
2.890908936790304473e+00
2.893854576858777339e+00
2.896759407700772115e+00
2.899624224714426823e+00
2.902449083359556870e+00
2.905234771942203142e+00
2.907981351712632723e+00
2.910689603930759706e+00
2.913359593531430480e+00
2.915992093196618562e+00
2.918587173486492325e+00
2.921145598109850638e+00
2.923667440288727715e+00
2.926153456371348049e+00
2.928603719800907612e+00
2.931018980674583663e+00
2.933399315394213058e+00
2.935745461764990072e+00
2.938057500014893630e+00
2.940336156204491846e+00
2.942581514374713603e+00
2.944794289684804944e+00
2.946974567882786111e+00
2.949123053842231279e+00
2.951239832692471587e+00
2.953325600709177934e+00
2.955380442189490697e+00
2.957405042331130218e+00
2.959399487439083654e+00
2.961364450423214834e+00
2.963300018803056268e+00
2.965206853142372978e+00
2.967085042131425432e+00
2.968935232408612901e+00
2.970757513872893885e+00
2.972552524402588325e+00
2.974320349145416653e+00
2.976061616963155299e+00
2.977776413431356684e+00
2.979465350293986958e+00
2.981128516053161537e+00
2.982766512990166152e+00
2.984379425408448583e+00
2.985967844932038595e+00
2.987531854368223438e+00
2.989072033830716624e+00
2.990588463643427897e+00
2.992081716085795318e+00
2.993551866565432373e+00
2.994999475061593142e+00
2.996424618875205503e+00
2.997827844177933798e+00
2.999209226920327431e+00
3.000569302944279482e+00
3.001908144550713420e+00
3.003226278272077554e+00
3.004523772396412884e+00
3.005801144300487504e+00
3.007058460354998353e+00
3.008296224560211840e+00
3.009514503108500438e+00
3.010713789544726904e+00
3.011894146793654858e+00
3.013056056942437166e+00
3.014199582982111103e+00
3.015325195963701965e+00
3.016432953945616280e+00
3.017523320957331112e+00
3.018596351699740055e+00
3.019652497474335728e+00
3.020691813642965684e+00
3.021714741782796754e+00
3.022721332526107307e+00
3.023712018473881713e+00
3.024686848711158671e+00
3.025646245606925078e+00
3.026590256553106872e+00
3.027519292526390515e+00
3.028433397863580012e+00
3.029332978364476681e+00
3.030218073351190977e+00
3.031089078207253706e+00
3.031946032637550470e+00
3.032789320940282085e+00
3.033618981212266696e+00
3.034435388260607880e+00
3.035238579703756212e+00
3.036028918423015810e+00
3.036806441816081392e+00
3.037571505708542841e+00
3.038324143476254680e+00
3.039064699756938825e+00
3.039793210852170802e+00
3.040510012473096157e+00
3.041215134870455916e+00
3.041908907666454720e+00
3.042591361728348431e+00
3.043262815729968818e+00
3.043923298773596908e+00
3.044573121596828358e+00
3.045212311366119362e+00
3.045841173908357291e+00
3.046459731258476911e+00
3.047068281596254202e+00
3.047666847600254858e+00
3.048255719522569684e+00
3.048834916732337419e+00
3.049404722955515457e+00
3.049965156661841093e+00
3.050516493531191919e+00
3.051058750363810024e+00
3.051592195957451903e+00
3.052116847606596295e+00
3.052632964750054079e+00
3.053140564227404319e+00
3.053639896956828359e+00
3.054130982015784923e+00
3.054614061075946019e+00
3.055089151566859673e+00
3.055556492023896897e+00
3.056016095353315531e+00
3.056468193811977763e+00
3.056912800691901300e+00
3.057350141775753372e+00
3.057780229840655561e+00
3.058203281710170085e+00
3.058619311056531842e+00
3.059028530413123725e+00
3.059430950447449504e+00
3.059826777851224033e+00
3.060216022110041845e+00
3.060598887220835618e+00
3.060975377617661142e+00
3.061345692649084516e+00
3.061709838550272345e+00
3.062068007107591416e+00
3.062420204722059669e+00
3.062766616689650778e+00
3.063107248518098569e+00
3.063442282741072997e+00
3.063771722522682595e+00
3.064095743529315019e+00
3.064414351064849829e+00
3.064727715062287139e+00
3.065035840648255405e+00
3.065338892518807867e+00
3.065636873269691254e+00
3.065929945155383862e+00
3.066218110632911387e+00
3.066501525823003504e+00
3.066780195315416346e+00
3.067054267559419234e+00
3.067323745277360292e+00
3.067588777203328565e+00
3.067849363196033519e+00
3.068105647354908871e+00
3.068357631559998744e+00
3.068605454007238720e+00
3.068849114886486262e+00
3.069088750186417247e+00
3.069324359999031859e+00
3.069556073745158820e+00
3.069783894766654697e+00
3.070007946106117380e+00
3.070228230976866257e+00
3.070444872036762529e+00
3.070657867501662253e+00
3.070867337465952307e+00
3.071073282415829109e+00
3.071275817275050279e+00
3.071474942872183256e+00
3.071670767721976336e+00
3.071863296708051916e+00
3.072052633436124225e+00
3.072238781176316103e+00
3.072421841783546270e+00
3.072601817200583341e+00
3.072778807596845851e+00
3.072952813792915183e+00
3.073123933499462890e+00
3.073292166575404938e+00
3.073457608694934340e+00
3.073620258283263240e+00
3.073780207737339065e+00
3.073937457054606082e+00
3.074092095309747918e+00
3.074244123865445655e+00
3.074393625441060429e+00
3.074540603091490354e+00
3.074685138211791013e+00
3.074827231545814055e+00
3.074966963725468183e+00
3.075104334851761934e+00
3.075239419601346391e+00
3.075372224285828349e+00
3.075502818146709227e+00
3.075631204923372497e+00
3.075757456098204390e+00
3.075881572953864218e+00
3.076003621740710070e+00
3.076123609041446105e+00
3.076241597520528170e+00
3.076357591505774369e+00
3.076471651173786626e+00
3.076583785157596118e+00
3.076694048472830900e+00
3.076802447622809744e+00
3.076909038177841449e+00
3.077013828320917188e+00
3.077116869446554936e+00
3.077218169380452117e+00
3.077317777532431187e+00
3.077415703217926790e+00
3.077511991704954486e+00
3.077606653471587794e+00
3.077699733526397807e+00
3.077791240984410592e+00
3.077881217628089416e+00
3.077969675720606979e+00
3.078056652985881936e+00
3.078142161096498075e+00
3.078226237835199441e+00
3.078308894567409748e+00
3.078390167223083562e+00
3.078470068460694264e+00
3.078548629193804231e+00
3.078625864485123653e+00
3.078701805446372841e+00
3.078776464703226967e+00
3.078849870921072540e+00
3.078922040254830517e+00
3.078992996352180711e+00
3.079062756717056093e+00
3.079131344328158715e+00
3.079198776479818100e+00
3.079265074807369551e+00
3.079330256422065037e+00
3.079394340853123690e+00
3.079457347837466941e+00
3.079519292785489970e+00
3.079580194134373450e+00
3.079640071056514827e+00
3.079698940911563820e+00
3.079756816569058753e+00
3.079813719677070960e+00
3.079869662574441946e+00
3.079924667155363949e+00
3.079978739634178009e+00
3.080031906829329813e+00
3.080084173962243543e+00
3.080135564752046307e+00
3.080186084468508056e+00
3.080235759638565440e+00
3.080284590641596765e+00
3.080332605446301830e+00
3.080379804299975266e+00
3.080426216221963998e+00
3.080471837612870800e+00
3.080516697641492829e+00
3.080560794625687659e+00
3.080604156445811981e+00
3.080646777374697276e+00
3.080688690434012056e+00
3.080729887278367052e+00
3.080770399065702048e+00
3.080810217201888523e+00
3.080849375743699881e+00
3.080887862557508239e+00
3.080925712443030928e+00
3.080962911779796976e+00
3.080999496292276874e+00
3.081035452052376389e+00
3.081070812660021474e+00
3.081105565671330648e+00
3.081139744560779548e+00
3.081173334201845915e+00
3.081206371140656319e+00
3.081238836866545316e+00
3.081270769780078300e+00
3.081302149758555764e+00
3.081333013797724174e+00
3.081363344285978467e+00
3.081393176294672909e+00
3.081422490830247440e+00
3.081451325617825088e+00
3.081479660430959111e+00
3.081507530410738216e+00
3.081534915298722144e+00
3.081561853909957183e+00
3.081588322372750266e+00
3.081614360681558473e+00
3.081639942857389958e+00
3.081665110326568424e+00
3.081689836207292643e+00
3.081714162352311437e+00
3.081738060264692880e+00
3.081761573473229543e+00
3.081784671006238430e+00
3.081807396737227478e+00
3.081829720859564414e+00
3.081851687525974715e+00
3.081873263253257722e+00
3.081894495709449178e+00
3.081915349191338915e+00
3.081935870611847594e+00
3.081956025916370301e+00
3.081975861147214335e+00
3.081995341532010713e+00
3.082014513921343291e+00
3.082033340917042619e+00
3.082051871910207463e+00
3.082070068373763405e+00
3.082087979730257832e+00
3.082105567055882567e+00
3.082122878703274171e+00
3.082139875717429867e+00
3.082156609024051530e+00
3.082173037129165127e+00
3.082189210771326238e+00
3.082205087547290834e+00
3.082220721577048295e+00
3.082236065751655207e+00
3.082251176286744609e+00
3.082266006839810668e+00
3.082280612693876432e+00
3.082294945250700913e+00
3.082309062144624523e+00
3.082322915285188536e+00
3.082336560867385167e+00
3.082349948285417973e+00
3.082363138144621928e+00
3.082376075545420147e+00
3.082388824160187557e+00
3.082401328731163570e+00
3.082413651777437646e+00
3.082425735906682451e+00
3.082437646621055904e+00
3.082449325005315988e+00
3.082460838161167782e+00
3.082472125099282589e+00
3.082483254042041487e+00
3.082494162029666196e+00
3.082504918998636434e+00
3.082515460270843111e+00
3.082525857895906274e+00
3.082536046270817121e+00
3.082546095507952444e+00
3.082555942867137411e+00
3.082565656999579851e+00
3.082575171400568692e+00
3.082584562409778517e+00
3.082593757366371978e+00
3.082602834190290242e+00
3.082611720701361691e+00
3.082620494333017103e+00
3.082629082674038123e+00
3.082637562972357248e+00
3.082645862622539035e+00
3.082654059814196490e+00
3.082662079234150809e+00
3.082670004769675121e+00
3.082677755755590443e+00
3.082685414983673766e+00
3.082692905133719741e+00
3.082700309007969874e+00
3.082707547269783799e+00
3.082714704691948082e+00
3.082721698503985586e+00
3.082728617625136280e+00
3.082735376402113037e+00
3.082742065062110459e+00
3.082748597234204357e+00
3.082755062425852177e+00
3.082761374131743892e+00
3.082767623182003813e+00
3.082773723218658724e+00
3.082779764273148704e+00
3.082785657914752786e+00
3.082791498203525826e+00
3.082797192670941211e+00
3.082802839671377804e+00
3.082808341854400336e+00
3.082813800961327289e+00
3.082819117376545126e+00
3.082824394417383651e+00
3.082829532142610240e+00
3.082834633406791092e+00
3.082839598296426953e+00
3.082844529816219037e+00
3.082849326847228788e+00
3.082854094670305134e+00
3.082858729488424654e+00
3.082863339084700893e+00
3.082867817763914164e+00
3.082872273419964060e+00
3.082876600726867089e+00
3.082880909005043080e+00
3.082885089122468614e+00
3.082889254379808097e+00
3.082893294118411731e+00
3.082897320482853143e+00
3.082901223089457243e+00
3.082905117992927657e+00
3.082908887125422215e+00
3.082912652003973797e+00
3.082916294646607547e+00
3.082919935380319387e+00
3.082923454025105148e+00
3.082926973797708303e+00
3.082930373687076120e+00
3.082933775808956334e+00
3.082937061127311917e+00
3.082940351170391224e+00
3.082943524509526689e+00
3.082946706726676922e+00
3.082949770712579696e+00
3.082952849112992944e+00
3.082955809957387938e+00
3.082958785009086267e+00
3.082961645272153550e+00
3.082964522509250127e+00
3.082967284106473915e+00
3.082970066388675878e+00
3.082972735190174784e+00
3.082975426422949194e+00
3.082978003371121378e+00
3.082980605929801943e+00
3.082983096061391759e+00
3.082985612061667435e+00
3.082988016787376662e+00
3.082990450983285946e+00
3.082992773433792077e+00
3.082995126921121543e+00
3.082997370233480527e+00
3.082999646201070032e+00
3.083001813008843683e+00
3.083004014531975034e+00
3.083006107036159626e+00
3.083008237036882093e+00
3.083010257279842126e+00
3.083012317200362951e+00
3.083014267961146082e+00
3.083016261493042087e+00
3.083018144143136574e+00
3.083020072707399972e+00
3.083021891265845582e+00
3.083023756896535961e+00
3.083025511722456091e+00
3.083027317137398970e+00
3.083029012460429819e+00
3.083030758001298555e+00
3.083032394172189328e+00
3.083034084846462797e+00
3.083035663965339346e+00
3.083037299130942266e+00
3.083038823924429739e+00
3.083040406623581475e+00
3.083041878703595362e+00
3.083043409832724624e+00
3.083044830148460758e+00
3.083046312500116848e+00
3.083047682998576899e+00
3.083049117356269964e+00
3.083050438822374062e+00
3.083051827913006804e+00
3.083053104208938855e+00
3.083054448965834027e+00
3.083055680162388068e+00
3.083056981944185537e+00
3.083058168756315442e+00
3.083059429574175336e+00
3.083060574751699701e+00
3.083061794325759220e+00
3.083062899848207916e+00
3.083064080524155148e+00
3.083065147385999794e+00
3.083066291717004415e+00
3.083067319494245506e+00
3.083068427271509204e+00
3.083069418332264000e+00
3.083070491628435938e+00
3.083071445993617044e+00
3.083072487326667055e+00
3.083073407724205239e+00
3.083074415409097213e+00
3.083075302891547409e+00
3.083076279381010032e+00
3.083077134147599097e+00
3.083078079804775662e+00
3.083078903993058617e+00
3.083079821045358493e+00
3.083080614592434987e+00
3.083081503893441155e+00
3.083082268460209274e+00
3.083083130941443706e+00
3.083083866445675447e+00
3.083084702884592243e+00
3.083085411177582724e+00
3.083086221952411332e+00
3.083086903855810856e+00
3.083087690213380139e+00
3.083088346905276111e+00
3.083089110329658045e+00
3.083089741563465491e+00
3.083090481172955588e+00
3.083091089201679402e+00
3.083091807813231000e+00
3.083092391342094896e+00
3.083093088835066276e+00
3.083093650924705553e+00
3.083094327433839155e+00
3.083094868096917018e+00
3.083095524616963345e+00
3.083096043811239362e+00
3.083096681755534973e+00
3.083097181021969835e+00
3.083097799926405536e+00
3.083098278796355896e+00
3.083098880450414470e+00
3.083099340039920477e+00
3.083099926665953117e+00
3.083100366709782936e+00
3.083100935127838671e+00
3.083101358438852468e+00
3.083101911330853984e+00
3.083102316894308803e+00
3.083102855215151816e+00
3.083103244522042541e+00
3.083103766673293222e+00
3.083104140122781001e+00
3.083104648677815529e+00
3.083105005616336936e+00
3.083105501543745408e+00
3.083105842413165654e+00
3.083106324465668013e+00
3.083106651491981154e+00
3.083107121200820089e+00
3.083107433773124573e+00
3.083107890657833305e+00
3.083108188904544633e+00
3.083108634868729325e+00
3.083108919605446196e+00
3.083109353323354451e+00
3.083109625396682318e+00
3.083110048511851442e+00
3.083110308433092861e+00
3.083110720675059202e+00
3.083110967459602225e+00
3.083111369027569548e+00
3.083111604460191835e+00
3.083111997089954315e+00
3.083112221033937672e+00
3.083112603476759972e+00
3.083112815870436840e+00
3.083113190271953297e+00
3.083113391736397979e+00
3.083113757523169074e+00
3.083113947675137911e+00
3.083114305274972544e+00
3.083114486215691841e+00
3.083114835169762369e+00
3.083115006174363959e+00
3.083115347251367044e+00
3.083115508001877725e+00
3.083115843596318406e+00
3.083115994114419500e+00
3.083116321394879122e+00
3.083116464600269779e+00
3.083116784154120715e+00
3.083116918891078306e+00
3.083117232811908526e+00
3.083117357982350093e+00
3.083117666090093412e+00
3.083117782250463179e+00
3.083118084501649925e+00
3.083118192572790850e+00
3.083118489455697997e+00
3.083118589788582664e+00
3.083118881484114837e+00
3.083118975485861668e+00
3.083119259868894346e+00
3.083119346015428253e+00
3.083119626604878594e+00
3.083119704544689199e+00
3.083119980986734898e+00
3.083120052739437345e+00
3.083120320284311600e+00
