1.994464207142168277e+02
1.996044296866215291e+02
1.997625638396901593e+02
1.999208232725955554e+02
2.000792080845889132e+02
2.002377183750006679e+02
2.003963542432393581e+02
2.005551157887924489e+02
2.007140031112261340e+02
2.008730163101858750e+02
2.010321554853956911e+02
2.011914207366586709e+02
2.013508121638568298e+02
2.015103298669519063e+02
2.016699739459842249e+02
2.018297445010735487e+02
2.019896416324188237e+02
2.021496654402988611e+02
2.023098160250714272e+02
2.024700934871739548e+02
2.026304979271234572e+02
2.027910294455163580e+02
2.029516881430293722e+02
2.031124741204184261e+02
2.032733874785193962e+02
2.034344283182479387e+02
2.035955967406001719e+02
2.037568928466516240e+02
2.039183167375582002e+02
2.040798685145556419e+02
2.042415482789605505e+02
2.044033561321691366e+02
2.045652921756582145e+02
2.047273565109847766e+02
2.048895492397867883e+02
2.050518704637822509e+02
2.052143202847698547e+02
2.053768988046288655e+02
2.055396061253196933e+02
2.057024423488830394e+02
2.058654075774406351e+02
2.060285019131949014e+02
2.061917254584298007e+02
2.063550783155097861e+02
2.065185605868805396e+02
2.066821723750689443e+02
2.068459137826829703e+02
2.070097849124123286e+02
2.071737858670275898e+02
2.073379167493809518e+02
2.075021776624058418e+02
2.076665687091178825e+02
2.078310899926136415e+02
2.079957416160716548e+02
2.081605236827519434e+02
2.083254362959969228e+02
2.084904795592302946e+02
2.086556535759579560e+02
2.088209584497675166e+02
2.089863942843292932e+02
2.091519611833951160e+02
2.093176592507992666e+02
2.094834885904580233e+02
2.096494493063705988e+02
2.098155415026180322e+02
2.099817652833639841e+02
2.101481207528545099e+02
2.103146080154187132e+02
2.104812271754678932e+02
2.106479783374961698e+02
2.108148616060803420e+02
2.109818770858805408e+02
2.111490248816392921e+02
2.113163050981823119e+02
2.114837178404183362e+02
2.116512632133390071e+02
2.118189413220197252e+02
2.119867522716185704e+02
2.121546961673771534e+02
2.123227731146202473e+02
2.124909832187565826e+02
2.126593265852779098e+02
2.128278033197597381e+02
2.129964135278609660e+02
2.131651573153248194e+02
2.133340347879777141e+02
2.135030460517301094e+02
2.136721912125761378e+02
2.138414703765945148e+02
2.140108836499474592e+02
2.141804311388813744e+02
2.143501129497267357e+02
2.145199291888988000e+02
2.146898799628965833e+02
2.148599653783036558e+02
2.150301855417877732e+02
2.152005405601018992e+02
2.153710305400828418e+02
2.155416555886523611e+02
2.157124158128169142e+02
2.158833113196674560e+02
2.160543422163804337e+02
2.162255086102166217e+02
2.163968106085219176e+02
2.165682483187271430e+02
2.167398218483487256e+02
2.169115313049877614e+02
2.170833767963307253e+02
2.172553584301493004e+02
2.174274763143010318e+02
2.175997305567283604e+02
2.177721212654595035e+02
2.179446485486079723e+02
2.181173125143735660e+02
2.182901132710412355e+02
2.184630509269818504e+02
2.186361255906520284e+02
2.188093373705948181e+02
2.189826863754387034e+02
2.191561727138984281e+02
2.193297964947746550e+02
2.195035578269548466e+02
2.196774568194121287e+02
2.198514935812061708e+02
2.200256682214828459e+02
2.201999808494750823e+02
2.203744315745016991e+02
2.205490205059684286e+02
2.207237477533676326e+02
2.208986134262781604e+02
2.210736176343663146e+02
2.212487604873847431e+02
2.214240420951731210e+02
2.215994625676580654e+02
2.217750220148537608e+02
2.219507205468610778e+02
2.221265582738681985e+02
2.223025353061504745e+02
2.224786517540711941e+02
2.226549077280804454e+02
2.228313033387161113e+02
2.230078386966033577e+02
2.231845139124556283e+02
2.233613290970734511e+02
2.235382843613454042e+02
2.237153798162476619e+02
2.238926155728449032e+02
2.240699917422892327e+02
2.242475084358209756e+02
2.244251657647684510e+02
2.246029638405487106e+02
2.247809027746665151e+02
2.249589826787151310e+02
2.251372036643762726e+02
2.253155658434198756e+02
2.254940693277051196e+02
2.256727142291790926e+02
2.258515006598778427e+02
2.260304287319259231e+02
2.262094985575374153e+02
2.263887102490145651e+02
2.265680639187489191e+02
2.267475596792207853e+02
2.269271976430001700e+02
2.271069779227457275e+02
2.272869006312054978e+02
2.274669658812167370e+02
2.276471737857065705e+02
2.278275244576910836e+02
2.280080180102760892e+02
2.281886545566567293e+02
2.283694342101185271e+02
2.285503570840360794e+02
2.287314232918740515e+02
2.289126329471867507e+02
2.290939861636190926e+02
2.292754830549054077e+02
2.294571237348703221e+02
2.296389083174286725e+02
2.298208369165852787e+02
2.300029096464359384e+02
2.301851266211662050e+02
2.303674879550523258e+02
2.305499937624608719e+02
2.307326441578496201e+02
2.309154392557663869e+02
2.310983791708499666e+02
2.312814640178298191e+02
2.314646939115268367e+02
2.316480689668522643e+02
2.318315892988086659e+02
2.320152550224894412e+02
2.321990662530797920e+02
2.323830231058555569e+02
2.325671256961841777e+02
2.327513741395241880e+02
2.329357685514262641e+02
2.331203090475319755e+02
2.333049957435747785e+02
2.334898287553795342e+02
2.336748081988635022e+02
2.338599341900352329e+02
2.340452068449952776e+02
2.342306262799360184e+02
2.344161926111425203e+02
2.346019059549913095e+02
2.347877664279513681e+02
2.349737741465839349e+02
2.351599292275423068e+02
2.353462317875729752e+02
2.355326819435141488e+02
2.357192798122968895e+02
2.359060255109446871e+02
2.360929191565743395e+02
2.362799608663948163e+02
2.364671507577081115e+02
2.366544889479090443e+02
2.368419755544859697e+02
2.370296106950197270e+02
2.372173944871845208e+02
2.374053270487475515e+02
2.375934084975699534e+02
2.377816389516056859e+02
2.379700185289022158e+02
2.381585473476004324e+02
2.383472255259354426e+02
2.385360531822353209e+02
2.387250304349221892e+02
2.389141574025117052e+02
2.391034342036140856e+02
2.392928609569328842e+02
2.394824377812659293e+02
2.396721647955048411e+02
2.398620421186362250e+02
2.400520698697402224e+02
2.402422481679915052e+02
2.404325771326592474e+02
2.406230568831068126e+02
2.408136875387928342e+02
2.410044692192699074e+02
2.411954020441855562e+02
2.413864861332818919e+02
2.415777216063965227e+02
2.417691085834613602e+02
2.419606471845035855e+02
2.421523375296451377e+02
2.423441797391039074e+02
2.425361739331922877e+02
2.427283202323182536e+02
2.429206187569849078e+02
2.431130696277914751e+02
2.433056729654321373e+02
2.434984288906968573e+02
2.436913375244710949e+02
2.438843989877366880e+02
2.440776134015707157e+02
2.442709808871463792e+02
2.444645015657326894e+02
2.446581755586953477e+02
2.448520029874955526e+02
2.450459839736909657e+02
2.452401186389353427e+02
2.454344071049794138e+02
2.456288494936698044e+02
2.458234459269497734e+02
2.460181965268592990e+02
2.462131014155347941e+02
2.464081607152100162e+02
2.466033745482149868e+02
2.467987430369768447e+02
2.469942663040194759e+02
2.471899444719645089e+02
2.473857776635300922e+02
2.475817660015317188e+02
2.477779096088820836e+02
2.479742086085917947e+02
2.481706631237683780e+02
2.483672732776170164e+02
2.485640391934403226e+02
2.487609609946392482e+02
2.489580388047118049e+02
2.491552727472541733e+02
2.493526629459600770e+02
2.495502095246220620e+02
2.497479126071299618e+02
2.499457723174720059e+02
2.501437887797347059e+02
2.503419621181026002e+02
2.505402924568592766e+02
2.507387799203861789e+02
2.509374246331634595e+02
2.511362267197696667e+02
2.513351863048827397e+02
2.515343035132787008e+02
2.517335784698326506e+02
2.519330112995184265e+02
2.521326021274095126e+02
2.523323510786777888e+02
2.525322582785945826e+02
2.527323238525302145e+02
2.529325479259549923e+02
2.531329306244379893e+02
2.533334720736478971e+02
2.535341723993528547e+02
2.537350317274212443e+02
2.539360501838204698e+02
2.541372278946180643e+02
2.543385649859810655e+02
2.545400615841772947e+02
2.547417178155737645e+02
2.549435338066379870e+02
2.551455096839373198e+02
2.553476455741401594e+02
2.555499416040144922e+02
2.557523979004290311e+02
2.559550145903529312e+02
2.561577918008558186e+02
2.563607296591085287e+02
2.565638282923820839e+02
2.567670878280484885e+02
2.569705083935804737e+02
2.571740901165524065e+02
2.573778331246390394e+02
2.575817375456165905e+02
2.577858035073621750e+02
2.579900311378548849e+02
2.581944205651746529e+02
2.583989719175029336e+02
2.586036853231227042e+02
2.588085609104190326e+02
2.590135988078781679e+02
2.592187991440883934e+02
2.594241620477395145e+02
2.596296876476240527e+02
2.598353760726358814e+02
2.600412274517712490e+02
2.602472419141282671e+02
2.604534195889080479e+02
2.606597606054134530e+02
2.608662650930499467e+02
2.610729331813252543e+02
2.612797649998504994e+02
2.614867606783386123e+02
2.616939203466057506e+02
2.619012441345707316e+02
2.621087321722551451e+02
2.623163845897842634e+02
2.625242015173857908e+02
2.627321830853907727e+02
2.629403294242333686e+02
2.631486406644517047e+02
2.633571169366865661e+02
2.635657583716825911e+02
2.637745651002876457e+02
2.639835372534541307e+02
2.641926749622373336e+02
2.644019783577966223e+02
2.646114475713951606e+02
2.648210827344005907e+02
2.650308839782841233e+02
2.652408514346213337e+02
2.654509852350917072e+02
2.656612855114797753e+02
2.658717523956738660e+02
2.660823860196669557e+02
2.662931865155564992e+02
2.665041540155446000e+02
2.667152886519386357e+02
2.669265905571500639e+02
2.671380598636953891e+02
2.673496967041967309e+02
2.675615012113804596e+02
2.677734735180785606e+02
2.679856137572281227e+02
2.681979220618712816e+02
2.684103985651562994e+02
2.686230434003363143e+02
2.688358567007701936e+02
2.690488385999221919e+02
2.692619892313630316e+02
2.694753087287685958e+02
2.696887972259208937e+02
2.699024548567075499e+02
2.701162817551231683e+02
2.703302780552676836e+02
2.705444438913475551e+02
2.707587793976751982e+02
2.709732847086704055e+02
2.711879599588585279e+02
2.714028052828717819e+02
2.716178208154488516e+02
2.718330066914357985e+02
2.720483630457849245e+02
2.722638900135556241e+02
2.724795877299142148e+02
2.726954563301339363e+02
2.729114959495959170e+02
2.731277067237878668e+02
2.733440887883049299e+02
2.735606422788495706e+02
2.737773673312323695e+02
2.739942640813708863e+02
2.742113326652905698e+02
2.744285732191243596e+02
2.746459858791137663e+02
2.748635707816075637e+02
2.750813280630626991e+02
2.752992578600441220e+02
2.755173603092255803e+02
2.757356355473884264e+02
2.759540837114225837e+02
2.761727049383261487e+02
2.763914993652066983e+02
2.766104671292793569e+02
2.768296083678685022e+02
2.770489232184069124e+02
2.772684118184369595e+02
2.774880743056093593e+02
2.777079108176840805e+02
2.779279214925298334e+02
2.781481064681255475e+02
2.783684658825585529e+02
2.785889998740258875e+02
2.788097085808340694e+02
2.790305921413988699e+02
2.792516506942466208e+02
2.794728843780124521e+02
2.796942933314417132e+02
2.799158776933894046e+02
2.801376376028213144e+02
2.803595731988124271e+02
2.805816846205482875e+02
2.808039720073244894e+02
2.810264354985475848e+02
2.812490752337340041e+02
2.814718913525107382e+02
2.816948839946153385e+02
2.819180532998967692e+02
2.821413994083139301e+02
2.823649224599369632e+02
2.825886225949466848e+02
2.828124999536357791e+02
2.830365546764072633e+02
2.832607869037755677e+02
2.834851967763663652e+02
2.837097844349173670e+02
2.839345500202770154e+02
2.841594936734057342e+02
2.843846155353751897e+02
2.846099157473696550e+02
2.848353944506845323e+02
2.850610517867273188e+02
2.852868878970176638e+02
2.855129029231869708e+02
2.857390970069795912e+02
2.859654702902516306e+02
2.861920229149715169e+02
2.864187550232200579e+02
2.866456667571915204e+02
2.868727582591917553e+02
2.871000296716399021e+02
2.873274811370674229e+02
2.875551127981196942e+02
2.877829247975541307e+02
2.880109172782416636e+02
2.882390903831660580e+02
2.884674442554251641e+02
2.886959790382294386e+02
2.889246948749030253e+02
2.891535919088833566e+02
2.893826702837222911e+02
2.896119301430846349e+02
2.898413716307492791e+02
2.900709948906089721e+02
2.903008000666702628e+02
2.905307873030545238e+02
2.907609567439965872e+02
2.909913085338455403e+02
2.912218428170654647e+02
2.914525597382342994e+02
2.916834594420447502e+02
2.919145420733040055e+02
2.921458077769339639e+02
2.923772566979718590e+02
2.926088889815692369e+02
2.928407047729927513e+02
2.930727042176241071e+02
2.933048874609606287e+02
2.935372546486144643e+02
2.937698059263132109e+02
2.940025414398996304e+02
2.942354613353329000e+02
2.944685657586869638e+02
2.947018548561518401e+02
2.949353287740330529e+02
2.951689876587527692e+02
2.954028316568485479e+02
2.956368609149740792e+02
2.958710755798991272e+02
2.961054757985104402e+02
2.963400617178103857e+02
2.965748334849180878e+02
2.968097912470691426e+02
2.970449351516155616e+02
2.972802653460269653e+02
2.975157819778888779e+02
2.977514851949040917e+02
2.979873751448920984e+02
2.982234519757903968e+02
2.984597158356528439e+02
2.986961668726507355e+02
2.989328052350726352e+02
2.991696310713252842e+02
2.994066445299323505e+02
2.996438457595353384e+02
2.998812349088931342e+02
3.001188121268834266e+02
3.003565775625010588e+02
3.005945313648591082e+02
3.008326736831884887e+02
