3.000000000000000000e+00
2.999939894861297862e+00
2.999879806257385262e+00
2.999819766523932341e+00
2.999759775571325005e+00
2.999699833399563254e+00
2.999639940008648420e+00
2.999580095398578283e+00
2.999520299569355064e+00
2.999460552520976986e+00
2.999400854253445381e+00
2.999341204766759361e+00
2.999281604060918927e+00
2.999222052135924521e+00
2.999162548991776145e+00
2.999103094628473798e+00
2.999043689046017036e+00
2.998984332244406303e+00
2.998925024223641600e+00
2.998865764983722926e+00
2.998806554524649837e+00
2.998747392846422333e+00
2.998688279949041302e+00
2.998629215799405667e+00
2.998570199794070579e+00
2.998511231707950753e+00
2.998452311541044413e+00
2.998393439293352891e+00
2.998334614964875300e+00
2.998275838555612527e+00
2.998217110065563684e+00
2.998158429494729660e+00
2.998099796843109566e+00
2.998041212110704290e+00
2.997982675297512944e+00
2.997924186403535973e+00
2.997865745428773376e+00
2.997807352373225154e+00
2.997749007236891305e+00
2.997690710019771831e+00
2.997632460721866732e+00
2.997574259343176450e+00
2.997516105883699655e+00
2.997458000343437678e+00
2.997400003789025824e+00
2.997341985158346933e+00
2.997284014399441698e+00
2.997226091472224851e+00
2.997168216336610680e+00
2.997110388952514359e+00
2.997052609279850621e+00
2.996994877278534641e+00
2.996937192908480707e+00
2.996879556129603994e+00
2.996821966901819234e+00
2.996764425185041603e+00
2.996706930939185387e+00
2.996649484124165763e+00
2.996592084699897462e+00
2.996534732626295217e+00
2.996477427863273757e+00
2.996420170370748703e+00
2.996362960108633899e+00
2.996305797036844520e+00
2.996248681115295298e+00
2.996191612303151786e+00
2.996134590450991286e+00
2.996077615436610220e+00
2.996020687213996947e+00
2.995963805737139385e+00
2.995906970960027227e+00
2.995850182836648390e+00
2.995793441320991679e+00
2.995736746367045455e+00
2.995680097928798080e+00
2.995623495960238802e+00
2.995566940415355983e+00
2.995510431248137095e+00
2.995453968412572276e+00
2.995397551862649443e+00
2.995341181552356957e+00
2.995284857435683179e+00
2.995228579466617358e+00
2.995172347599147411e+00
2.995116161787263032e+00
2.995060021984950804e+00
2.995003928146201311e+00
2.994947880225002024e+00
2.994891878175341748e+00
2.994835921951208846e+00
2.994780011506591677e+00
2.994724146795479491e+00
2.994668327771860650e+00
2.994612554389723513e+00
2.994556826603056443e+00
2.994501144365848688e+00
2.994445507632088610e+00
2.994389916355763681e+00
2.994334370490864039e+00
2.994278869991377157e+00
2.994223414811292283e+00
2.994168004904597780e+00
2.994112640225282007e+00
2.994057320727333327e+00
2.994002046364740988e+00
2.993946817091492907e+00
2.993891632861577889e+00
2.993836493628984297e+00
2.993781399347700933e+00
2.993726349971716605e+00
2.993671345455019228e+00
2.993616385751598052e+00
2.993561470815441439e+00
2.993506600600537304e+00
2.993451775060875342e+00
2.993396994150443025e+00
2.993342257823229158e+00
2.993287566033222991e+00
2.993232918734412440e+00
2.993178315880786311e+00
2.993123757426332965e+00
2.993069243325041207e+00
2.993014773530899397e+00
2.992960347997896342e+00
2.992905966680020402e+00
2.992851629531259938e+00
2.992797336505603756e+00
2.992743087557040660e+00
2.992688882659982230e+00
2.992634721957053934e+00
2.992580605455732901e+00
2.992526533119572729e+00
2.992472504912125686e+00
2.992418520796944925e+00
2.992364580737582713e+00
2.992310684697591761e+00
2.992256832640524777e+00
2.992203024529934918e+00
2.992149260329374449e+00
2.992095540002395637e+00
2.992041863512552080e+00
2.991988230823395600e+00
2.991934641898479796e+00
2.991881096701356491e+00
2.991827595195579281e+00
2.991774137344699991e+00
2.991720723112271774e+00
2.991667352461847340e+00
2.991614025356979401e+00
2.991560741761220221e+00
2.991507501638122957e+00
2.991454304951240317e+00
2.991401151664124569e+00
2.991348041740328867e+00
2.991294975143405477e+00
2.991241951836907109e+00
2.991188971784386919e+00
2.991136034949397615e+00
2.991083141295491465e+00
2.991030290786221180e+00
2.990977483385139468e+00
2.990924719055799041e+00
2.990871997761753054e+00
2.990819319466553772e+00
2.990766684133753905e+00
2.990714091726906165e+00
2.990661542209563262e+00
2.990609035545277905e+00
2.990556571697602806e+00
2.990504150630090674e+00
2.990451772306293776e+00
2.990399436689765711e+00
2.990347143744058300e+00
2.990294893432724699e+00
2.990242685719317617e+00
2.990190520567389765e+00
2.990138397940493409e+00
2.990086317802181703e+00
2.990034280116006915e+00
2.989982284845521754e+00
2.989930331955414466e+00
2.989878421426492405e+00
2.989826553228836836e+00
2.989774727326911297e+00
2.989722943685180212e+00
2.989671202268106676e+00
2.989619503040154669e+00
2.989567845965787285e+00
2.989516231009468950e+00
2.989464658135661868e+00
2.989413127308830909e+00
2.989361638493439166e+00
2.989310191653949733e+00
2.989258786754827035e+00
2.989207423760534610e+00
2.989156102635535550e+00
2.989104823344293838e+00
2.989053585851273009e+00
2.989002390120936603e+00
2.988951236117747712e+00
2.988900123806171205e+00
2.988849053150669288e+00
2.988798024115706387e+00
2.988747036665745593e+00
2.988696090765251334e+00
2.988645186378686702e+00
2.988594323470514791e+00
2.988543502005199581e+00
2.988492721947205055e+00
2.988441983260994306e+00
2.988391285911031314e+00
2.988340629861779618e+00
2.988290015077702311e+00
2.988239441523263373e+00
2.988188909162926343e+00
2.988138417961155202e+00
2.988087967882413043e+00
2.988037558891163403e+00
2.987987190951870264e+00
2.987936864028997164e+00
2.987886578087007639e+00
2.987836333090364782e+00
2.987786129003533020e+00
2.987735965790975445e+00
2.987685843417156040e+00
2.987635761846537452e+00
2.987585721043584552e+00
2.987535720972760434e+00
2.987485761598528189e+00
2.987435842885351800e+00
2.987385964797695692e+00
2.987336127300021626e+00
2.987286330357744824e+00
2.987236573963530706e+00
2.987186858096148256e+00
2.987137182721655293e+00
2.987087547806109633e+00
2.987037953315568206e+00
2.986988399216089718e+00
2.986938885473731542e+00
2.986889412054551496e+00
2.986839978924606953e+00
2.986790586049956175e+00
2.986741233396656092e+00
2.986691920930764965e+00
2.986642648618341056e+00
2.986593416425440850e+00
2.986544224318123053e+00
2.986495072262444594e+00
2.986445960224464180e+00
2.986396888170238739e+00
2.986347856065826534e+00
2.986298863877284937e+00
2.986249911570671323e+00
2.986200999112044396e+00
2.986152126467461088e+00
2.986103293602979214e+00
2.986054500484657037e+00
2.986005747078551931e+00
2.985957033350721268e+00
2.985908359267223311e+00
2.985859724794114989e+00
2.985811129897455451e+00
2.985762574543301184e+00
2.985714058697710005e+00
2.985665582326740175e+00
2.985617145396449512e+00
2.985568747872894946e+00
2.985520389722134738e+00
2.985472070910226705e+00
2.985423791403228222e+00
2.985375551167197550e+00
2.985327350168191618e+00
2.985279188372269132e+00
2.985231065745487022e+00
2.985182982253902662e+00
2.985134937863575200e+00
2.985086932540561122e+00
2.985038966250918691e+00
2.984991038960705723e+00
2.984943150635979148e+00
2.984895301242797672e+00
2.984847490747218668e+00
2.984799719115299510e+00
2.984751995166894378e+00
2.984704300523321141e+00
2.984656644720611762e+00
2.984609027724872909e+00
2.984561449502237007e+00
2.984513910018868010e+00
2.984466409240957407e+00
2.984418947134727329e+00
2.984371523666427883e+00
2.984324138802338044e+00
2.984276792508766984e+00
2.984229484752052741e+00
2.984182215498561330e+00
2.984134984714689409e+00
2.984087792366862057e+00
2.984040638421532776e+00
2.983993522845185709e+00
2.983946445604332975e+00
2.983899406665515563e+00
2.983852405995305102e+00
2.983805443560300752e+00
2.983758519327131875e+00
2.983711633262455809e+00
2.983664785332960090e+00
2.983617975505360675e+00
2.983571203746403278e+00
2.983524470022862474e+00
2.983477774301540819e+00
2.983431116549272399e+00
2.983384496732917501e+00
2.983337914819368386e+00
2.983291370775543960e+00
2.983244864568394217e+00
2.983198396164897126e+00
2.983151965532059968e+00
2.983105572636918890e+00
2.983059217446540234e+00
2.983012899928017880e+00
2.982966620048476347e+00
2.982920377775068133e+00
2.982874173074975044e+00
2.982828005915408642e+00
2.982781876263609355e+00
2.982735784086846476e+00
2.982689729352418162e+00
2.982643712027651883e+00
2.982597732079904862e+00
2.982551789476562742e+00
2.982505884185040479e+00
2.982460016172781891e+00
2.982414185407260554e+00
2.982368391855978462e+00
2.982322635486475804e+00
2.982276916283191692e+00
2.982231234229749894e+00
2.982185589294702233e+00
2.982139981446639609e+00
2.982094410654191563e+00
2.982048876886024047e+00
2.982003380110841650e+00
2.981957920297387599e+00
2.981912497414441976e+00
2.981867111430823059e+00
2.981821762315387758e+00
2.981776450037029846e+00
2.981731174564681730e+00
2.981685935867314452e+00
2.981640733913935470e+00
2.981595568673590879e+00
2.981550440115365408e+00
2.981505348208380646e+00
2.981460292921796817e+00
2.981415274224811451e+00
2.981370292086661156e+00
2.981325346476619398e+00
2.981280437363998281e+00
2.981235564718146769e+00
2.981190728508453347e+00
2.981145928704343806e+00
2.981101165275280795e+00
2.981056438190766933e+00
2.981011747420340807e+00
2.980967092933580531e+00
2.980922474700101077e+00
2.980877892689556496e+00
2.980833346871637701e+00
2.980788837216073350e+00
2.980744363692631627e+00
2.980699926271116684e+00
2.980655524921372201e+00
2.980611159613279604e+00
2.980566830316757176e+00
2.980522537001762284e+00
2.980478279638289596e+00
2.980434058196371971e+00
2.980389872646080462e+00
2.980345722957523869e+00
2.980301609100848292e+00
2.980257531046238917e+00
2.980213488763918228e+00
2.980169482224146460e+00
2.980125511397222482e+00
2.980081576253482467e+00
2.980037676763301224e+00
2.979993812897090866e+00
2.979949984625301695e+00
2.979906191918421321e+00
2.979862434746976874e+00
2.979818713081531900e+00
2.979775026892689471e+00
2.979731376151088185e+00
2.979687760827406606e+00
2.979644180892361049e+00
2.979600636316705131e+00
2.979557127071230660e+00
2.979513653126767192e+00
2.979470214454182919e+00
2.979426811024383337e+00
2.979383442808312132e+00
2.979340109776950740e+00
2.979296811901318343e+00
2.979253549152473202e+00
2.979210321501510439e+00
2.979167128919563368e+00
2.979123971377803048e+00
2.979080848847439178e+00
2.979037761299718756e+00
2.978994708705927419e+00
2.978951691037387217e+00
2.978908708265460614e+00
2.978865760361545156e+00
2.978822847297079246e+00
2.978779969043536813e+00
2.978737125572431310e+00
2.978694316855313495e+00
2.978651542863771429e+00
2.978608803569432695e+00
2.978566098943961737e+00
2.978523428959060748e+00
2.978480793586470998e+00
2.978438192797970174e+00
2.978395626565375487e+00
2.978353094860541006e+00
2.978310597655358993e+00
2.978268134921760346e+00
2.978225706631712377e+00
2.978183312757221923e+00
2.978140953270333569e+00
2.978098628143128312e+00
2.978056337347727123e+00
2.978014080856287382e+00
2.977971858641005998e+00
2.977929670674115403e+00
2.977887516927888889e+00
2.977845397374635272e+00
2.977803311986703338e+00
2.977761260736477400e+00
2.977719243587106490e+00
2.977677260493533762e+00
2.977635311427115461e+00
2.977593396359609290e+00
2.977551515262801818e+00
2.977509668108511143e+00
2.977467854868586006e+00
2.977426075514904902e+00
2.977384330019378744e+00
2.977342618353946868e+00
2.977300940490580583e+00
2.977259296401282285e+00
2.977217686058083235e+00
2.977176109433046669e+00
2.977134566498266466e+00
2.977093057225866257e+00
2.977051581588000762e+00
2.977010139556855339e+00
2.976968731104646881e+00
2.976927356203620700e+00
2.976886014826054971e+00
2.976844706944256291e+00
2.976803432530565008e+00
2.976762191557348558e+00
2.976720983997007242e+00
2.976679809821971112e+00
2.976638669004701754e+00
2.976597561517690504e+00
2.976556487333458900e+00
2.976515446424560007e+00
2.976474438763577979e+00
2.976433464323125833e+00
2.976392523075849006e+00
2.976351614994422246e+00
2.976310740051551385e+00
2.976269898219973342e+00
2.976229089472455680e+00
2.976188313781794825e+00
2.976147571120820068e+00
2.976106861462390007e+00
2.976066184779394330e+00
2.976025541044753808e+00
2.975984930231418524e+00
2.975944352312370089e+00
2.975903807260620759e+00
2.975863295049213875e+00
2.975822815651221642e+00
2.975782369039748243e+00
2.975741955187928500e+00
2.975701574068927879e+00
2.975661225655941156e+00
2.975620909922196411e+00
2.975580626840948817e+00
2.975540376385487296e+00
2.975500158529129635e+00
2.975459973245225154e+00
2.975419820507152924e+00
2.975379700288323104e+00
2.975339612562176494e+00
2.975299557302184539e+00
2.975259534481849322e+00
2.975219544074703126e+00
2.975179586054309766e+00
2.975139660394262364e+00
2.975099767068186019e+00
2.975059906049735581e+00
2.975020077312596545e+00
2.974980280830485491e+00
2.974940516577149197e+00
2.974900784526365527e+00
2.974861084651942100e+00
2.974821416927718509e+00
2.974781781327563657e+00
2.974742177825377532e+00
2.974702606395091209e+00
2.974663067010665518e+00
2.974623559646092819e+00
2.974584084275395224e+00
2.974544640872625934e+00
