1.000000000000000000e+00
9.999839719697770635e-01
9.999679482408421194e-01
9.999519374756226098e-01
9.999359396502192077e-01
9.999199547649399999e-01
9.999039828200936286e-01
9.998880238159876255e-01
9.998720777529300774e-01
9.998561446312284051e-01
9.998402244511899184e-01
9.998243172131215939e-01
9.998084229173302973e-01
9.997925415641224500e-01
9.997766731538048068e-01
9.997608176866827900e-01
9.997449751630627102e-01
9.997291455832498785e-01
9.997133289475497175e-01
9.996975252562675385e-01
9.996817345097078755e-01
9.996659567081753739e-01
9.996501918519745677e-01
9.996344399324662566e-01
9.996187007869103969e-01
9.996029743547907298e-01
9.995872606364050172e-01
9.995715596320513541e-01
9.995558713420271690e-01
9.995401957666301129e-01
9.995245329061569484e-01
9.995088827609051041e-01
9.994932453311705656e-01
9.994776206172505395e-01
9.994620086194406783e-01
9.994464093380371894e-01
9.994308227733356143e-01
9.994152489256317162e-01
9.993996877952204816e-01
9.993841393823972297e-01
9.993686036874565026e-01
9.993530807106931757e-01
9.993375704524012360e-01
9.993220729128750035e-01
9.993066045898792993e-01
9.992911300766967875e-01
9.992756682703080040e-01
9.992602191601764883e-01
9.992447827357646695e-01
9.992293589865353098e-01
9.992139479019498394e-01
9.991985494714696880e-01
9.991831636845556197e-01
9.991677905306673990e-01
9.991524299992649016e-01
9.991370820798071151e-01
9.991217467617521386e-01
9.991064240345581826e-01
9.990911138876825692e-01
9.990758163105819545e-01
9.990605312927125503e-01
9.990452588235302356e-01
9.990299988924900010e-01
9.990147514890463931e-01
9.989995166026536255e-01
9.989842942225628519e-01
9.989690843087403183e-01
9.989538868284909556e-01
9.989387017696673698e-01
9.989235291201212785e-01
9.989083688677040662e-01
9.988932210002663403e-01
9.988780855056582642e-01
9.988629623717292239e-01
9.988478515863281615e-01
9.988327531373032420e-01
9.988176670125026302e-01
9.988025931997730478e-01
9.987875316869612163e-01
9.987724824619131914e-01
9.987574455124743622e-01
9.987424208264893410e-01
9.987274083918025180e-01
9.987124081962575062e-01
9.986974202276975854e-01
9.986824444739649254e-01
9.986674809229018068e-01
9.986525295623491782e-01
9.986375903801482101e-01
9.986226633641387407e-01
9.986077485021603861e-01
9.985928457820526516e-01
9.985779551916534880e-01
9.985630767188009571e-01
9.985482103513323437e-01
9.985333560770847106e-01
9.985185138838936769e-01
9.985036837595953063e-01
9.984888656920244410e-01
9.984740596690155900e-01
9.984592656784025966e-01
9.984444837080189705e-01
9.984297137456973337e-01
9.984149557792696417e-01
9.984002097965680722e-01
9.983854757854232487e-01
9.983707537336657944e-01
9.983560436291257778e-01
9.983413454596323788e-01
9.983266592130144446e-01
9.983119848771006000e-01
9.982973224397180267e-01
9.982826718886940176e-01
9.982680332118553101e-01
9.982534063970277538e-01
9.982387914320368649e-01
9.982241883047074937e-01
9.982095970028640464e-01
9.981950175143302628e-01
9.981804498269294390e-01
9.981658939284842047e-01
9.981513498068165235e-01
9.981368174497483592e-01
9.981222968451005650e-01
9.981077879806934394e-01
9.980932908443469476e-01
9.980788054238806106e-01
9.980643317071129506e-01
9.980498696874002817e-01
9.980354194037055482e-01
9.980209808583501152e-01
9.980065540417454306e-01
9.979921389443023871e-01
9.979777355564312114e-01
9.979633438685417968e-01
9.979489638710435928e-01
9.979345955543453828e-01
9.979202389088558389e-01
9.979058939249828564e-01
9.978915605931336641e-01
9.978772389037157131e-01
9.978629288471353442e-01
9.978486304137986762e-01
9.978343435941112727e-01
9.978200683784784752e-01
9.978058047573046263e-01
9.977915527209941793e-01
9.977773122599510325e-01
9.977630833645779740e-01
9.977488660252782360e-01
9.977346602324540514e-01
9.977204659765070982e-01
9.977062832478390542e-01
9.976921120368507090e-01
9.976779523339424083e-01
9.976638041295144976e-01
9.976496674139663234e-01
9.976355421776970100e-01
9.976214284111050157e-01
9.976073261045887985e-01
9.975932352485457066e-01
9.975791558333731990e-01
9.975650878494680684e-01
9.975510312872265528e-01
9.975369861370444458e-01
9.975229523893174299e-01
9.975089300344401888e-01
9.974949190628070728e-01
9.974809194648124322e-01
9.974669312308496183e-01
9.974529543513117602e-01
9.974389888165917650e-01
9.974250346170814296e-01
9.974110917431727730e-01
9.973971601852570368e-01
9.973832399337249077e-01
9.973693309789669614e-01
9.973554333113728854e-01
9.973415469213324780e-01
9.973276717992345386e-01
9.973138079357809493e-01
9.972999553261232553e-01
9.972861139624514815e-01
9.972722838354045605e-01
9.972584649356209807e-01
9.972446572537383425e-01
9.972308607803944680e-01
9.972170755062261804e-01
9.972033014218704139e-01
9.971895385179627702e-01
9.971757867851395174e-01
9.971620462140357022e-01
9.971483167952861493e-01
9.971345985195253503e-01
9.971208913773873528e-01
9.971071953595054271e-01
9.970935104565130658e-01
9.970798366590424289e-01
9.970661739577262317e-01
9.970525223431959683e-01
9.970388818060832437e-01
9.970252523370186637e-01
9.970116339266329453e-01
9.969980265655559171e-01
9.969844302444175188e-01
9.969708449538468020e-01
9.969572706844723742e-01
9.969437074269226207e-01
9.969301551718258159e-01
9.969166139098089019e-01
9.969030836314991539e-01
9.968895643275231810e-01
9.968760559885070371e-01
9.968625586050767762e-01
9.968490721678573419e-01
9.968355966674738999e-01
9.968221320945508390e-01
9.968086784397119926e-01
9.967952356935814162e-01
9.967818038467820552e-01
9.967683828899364107e-01
9.967549728136673171e-01
9.967415736085963873e-01
9.967281852653451235e-01
9.967148077745346946e-01
9.967014411267856033e-01
9.966880853127184636e-01
9.966747403229525570e-01
9.966614061481076092e-01
9.966480827788023467e-01
9.966347702056557178e-01
9.966214684192853390e-01
9.966081774105690627e-01
9.965948971778374466e-01
9.965816277156201997e-01
9.965683690149697016e-01
9.965551210669385540e-01
9.965418838625782483e-01
9.965286573929404979e-01
9.965154416490763500e-01
9.965022366220362970e-01
9.964890423028708311e-01
9.964758586826293341e-01
9.964626857523616321e-01
9.964495235031166631e-01
9.964363719259430319e-01
9.964232310118891212e-01
9.964101007520024256e-01
9.963969811373305507e-01
9.963838721589206582e-01
9.963707738078191323e-01
9.963576860750723574e-01
9.963446089517261628e-01
9.963315424288258226e-01
9.963184864974165000e-01
9.963054411485426920e-01
9.962924063732488955e-01
9.962793821625786084e-01
9.962663685075755504e-01
9.962533653992826643e-01
9.962403728287425597e-01
9.962273907869974021e-01
9.962144192650893570e-01
9.962014582540595908e-01
9.961885077449493808e-01
9.961755677287992272e-01
9.961626381966495192e-01
9.961497191395402018e-01
9.961368105485106650e-01
9.961239124146000767e-01
9.961110247288470498e-01
9.960981474822901971e-01
9.960852806659672432e-01
9.960724242709156906e-01
9.960595782881728200e-01
9.960467427087753567e-01
9.960339175237596931e-01
9.960211027241617776e-01
9.960082983010172253e-01
9.959955042453613183e-01
9.959827205482288948e-01
9.959699472006543486e-01
9.959571841936718517e-01
9.959444315183149099e-01
9.959316915854690144e-01
9.959189593723359879e-01
9.959062374855256472e-01
9.958935259160837106e-01
9.958808246550630017e-01
9.958681336935238937e-01
9.958554530225346424e-01
9.958427826331711641e-01
9.958301225165165915e-01
9.958174726636619400e-01
9.958048330657053304e-01
9.957922037137530991e-01
9.957795845989185768e-01
9.957669757123233101e-01
9.957543770450957288e-01
9.957417885883723674e-01
9.957292103332971989e-01
9.957166422710215237e-01
9.957040843927045248e-01
9.956915366895130459e-01
9.956789991526210359e-01
9.956664717732107706e-01
9.956539545424711868e-01
9.956414474515998814e-01
9.956289504918010014e-01
9.956164636542869095e-01
9.956039869302775180e-01
9.955915203109999556e-01
9.955790637876893445e-01
9.955666173515883566e-01
9.955541809939468800e-01
9.955417547060227967e-01
9.955293384790815381e-01
9.955169323043958629e-01
9.955045361732463016e-01
9.954921500769212672e-01
9.954797740067160561e-01
9.954674079539344023e-01
9.954550519098869232e-01
9.954427058658921190e-01
9.954303698132762612e-01
9.954180437433729489e-01
9.954057276475234417e-01
9.953934215170768818e-01
9.953811253433895168e-01
9.953688391178254768e-01
9.953565628317565528e-01
9.953442964765620848e-01
9.953320400436289628e-01
9.953197935243516259e-01
9.953075569101322850e-01
9.952953301923807006e-01
9.952831133625165139e-01
9.952709064165706776e-01
9.952587093503515447e-01
9.952465221555543140e-01
9.952343448238841761e-01
9.952221773470565358e-01
9.952100197167964568e-01
9.951978719248393279e-01
9.951857339629307520e-01
9.951736058228258797e-01
9.951614874962901869e-01
9.951493789750991414e-01
9.951372802510382032e-01
9.951251913159029350e-01
9.951131121614987807e-01
9.951010427796413982e-01
9.950889831621564374e-01
9.950769333008794293e-01
9.950648931876561187e-01
9.950528628143421317e-01
9.950408421728033082e-01
9.950288312549155911e-01
9.950168300525645826e-01
9.950048385576460985e-01
9.949928567620662800e-01
9.949808846577409271e-01
9.949689222365960539e-01
9.949569694905677775e-01
9.949450264116019849e-01
9.949330929916548882e-01
9.949211692226926917e-01
9.949092550966915915e-01
9.948973506056377758e-01
9.948854557415274247e-01
9.948735704963671544e-01
9.948616948621731293e-01
9.948498288309717275e-01
9.948379723947996522e-01
9.948261255457034880e-01
9.948142882757393668e-01
9.948024605769743012e-01
9.947906424414848514e-01
9.947788338613576808e-01
9.947670348286896669e-01
9.947552453355877899e-01
9.947434653741685784e-01
9.947316949365592187e-01
9.947199340148965563e-01
9.947081826013278727e-01
9.946964406880099974e-01
9.946847082671104179e-01
9.946729853308060587e-01
9.946612718712841694e-01
9.946495678807424357e-01
9.946378733513878689e-01
9.946261882754380279e-01
9.946145126451205742e-01
9.946028464526731616e-01
9.945911896903431026e-01
9.945795423503882571e-01
9.945679044250763656e-01
9.945562759066852720e-01
9.945446567875030341e-01
9.945330470598272576e-01
9.945214467159660954e-01
9.945098557482379142e-01
9.944982741489705180e-01
9.944867019105023687e-01
9.944751390251814760e-01
9.944635854853665080e-01
9.944520412834255696e-01
9.944405064117374238e-01
9.944289808626907146e-01
9.944174646286838559e-01
9.944059577021255869e-01
9.943944600754346386e-01
9.943829717410399560e-01
9.943714926913805874e-01
9.943600229189053508e-01
9.943485624160736114e-01
9.943371111753540603e-01
9.943256691892264909e-01
9.943142364501795782e-01
9.943028129507133217e-01
9.942913986833366025e-01
9.942799936405695149e-01
9.942685978149412573e-01
9.942572111989919081e-01
9.942458337852708716e-01
9.942344655663382103e-01
9.942231065347640895e-01
9.942117566831281117e-01
9.942004160040205374e-01
9.941890844900416191e-01
9.941777621338016013e-01
9.941664489279210537e-01
9.941551448650300937e-01
9.941438499377693860e-01
9.941325641387895873e-01
9.941212874607514571e-01
9.941100198963256362e-01
9.940987614381932014e-01
9.940875120790448882e-01
9.940762718115819796e-01
9.940650406285155283e-01
9.940538185200145094e-01
9.940426054739898154e-01
9.940314014828679490e-01
9.940202065391859909e-01
9.940090206354880165e-01
9.939978437643270937e-01
9.939866759182638400e-01
9.939755170898671999e-01
9.939643672717139999e-01
9.939532264563892827e-01
9.939420946364859732e-01
9.939309718046053232e-01
9.939198579533566891e-01
9.939087530753568656e-01
9.938976571632317514e-01
9.938865702096145727e-01
9.938754922071467712e-01
9.938644231484781155e-01
9.938533630262662566e-01
9.938423118331769501e-01
9.938312695618839454e-01
9.938202362050690963e-01
9.938092117554228055e-01
9.937981962056426921e-01
9.937871895484352569e-01
9.937761917765145503e-01
9.937652028826029493e-01
9.937542228594311577e-01
9.937432516997372067e-01
9.937322893962680093e-01
9.937213359417781389e-01
9.937103913290304957e-01
9.936994555507957516e-01
9.936885285998530160e-01
9.936776104689890587e-01
9.936667011509993097e-01
9.936558006386867481e-01
9.936449089248627908e-01
9.936340260023467374e-01
9.936231518639662141e-01
9.936122865025566187e-01
9.936014299109616754e-01
9.935905820820332135e-01
9.935797430086310555e-01
9.935689126836229068e-01
9.935580910998852433e-01
9.935472782503017575e-01
9.935364741277649125e-01
9.935256787251749433e-01
9.935148920354404112e-01
9.935041140514776492e-01
9.934933447662113171e-01
9.934825841725741791e-01
9.934718322635067711e-01
9.934610890319585108e-01
9.934503544708860323e-01
9.934396285732544074e-01
9.934289113320370346e-01
9.934182027402150839e-01
9.934075027907780520e-01
9.933968114767234292e-01
9.933861287910566995e-01
9.933754547267916735e-01
9.933647892769500443e-01
9.933541324345620538e-01
9.933434841926653824e-01
9.933328445443061483e-01
9.933222134825387961e-01
9.933115910004257643e-01
9.933009770910370406e-01
9.932903717474514949e-01
9.932797749627558792e-01
9.932691867300446065e-01
9.932586070424209712e-01
9.932480358929954845e-01
9.932374732748876500e-01
9.932269191812244102e-01
9.932163736051412561e-01
9.932058365397813393e-01
