1.000000000000000021e-03
9.984094552353761035e-04
9.968213823687995488e-04
9.952358386620041228e-04
9.936528241149915602e-04
9.920723387277581747e-04
9.904943772569561097e-04
9.889189256391511373e-04
9.873459831022852757e-04
9.857755496463552723e-04
9.842076252713624282e-04
9.826422548781122562e-04
9.810792958306884404e-04
9.795188388710799905e-04
9.779608799961537948e-04
9.764054152027747905e-04
9.748524390406731847e-04
9.733019439007774016e-04
9.717539250583836314e-04
9.702083779110229692e-04
9.686652978562268349e-04
9.671246802915282751e-04
9.655865206144550236e-04
9.640508142225401268e-04
9.625175565133150049e-04
9.609867428843124875e-04
9.594583687330606337e-04
9.579324294570923815e-04
9.564089204539389343e-04
9.548878371211334468e-04
9.533691748562037613e-04
9.518529290615699657e-04
9.503390981146560713e-04
9.488276804886718822e-04
9.473186723822353376e-04
9.458120699939695812e-04
9.443078695224959131e-04
9.428060671664375853e-04
9.413066591244125371e-04
9.398096415950438036e-04
9.383150107769527935e-04
9.368227628687627586e-04
9.353328940690915300e-04
9.338454005765622510e-04
9.323602785897963305e-04
9.308775243417951196e-04
9.293971340723792759e-04
9.279191039902162088e-04
9.264434303039777727e-04
9.249701092223341957e-04
9.234991369539570071e-04
9.220305097075133993e-04
9.205642236916749014e-04
9.191002751151118502e-04
9.176386601864959915e-04
9.161793751144941926e-04
9.147224161077781995e-04
9.132677793750182405e-04
9.118154613701413749e-04
9.103654586439664494e-04
9.089177674843156550e-04
9.074723841784904403e-04
9.060293050137935549e-04
9.045885262775230865e-04
9.031500442569818932e-04
9.017138552394713151e-04
9.002799555122941019e-04
8.988483413627484497e-04
8.974190090781372165e-04
8.959919549457616341e-04
8.945671752529244522e-04
8.931446718508056874e-04
8.917244291334234466e-04
8.903064507359395629e-04
8.888907329599256453e-04
8.874772721128743481e-04
8.860660645081927566e-04
8.846571064652118200e-04
8.832503943091803882e-04
8.818459243712680308e-04
8.804436929885589656e-04
8.790436965040611655e-04
8.776459312667007212e-04
8.762503936313240094e-04
8.748570801255046905e-04
8.734659874187409830e-04
8.720771119394366347e-04
8.706904501200143139e-04
8.693059984007050047e-04
8.679237532295579812e-04
8.665437110624345197e-04
8.651658683630107172e-04
8.637902216027716368e-04
8.624167672610200900e-04
8.610455018248712152e-04
8.596764217892548634e-04
8.583095236569097432e-04
8.569448039383927452e-04
8.555822591520724366e-04
8.542218858241311212e-04
8.528636804885658153e-04
8.515076396871825012e-04
8.501537599696052348e-04
8.488020378932698571e-04
8.474524700234272465e-04
8.461050529331372479e-04
8.447597832032775625e-04
8.434166574225378937e-04
8.420756721874227656e-04
8.407368241022458851e-04
8.394001096930913276e-04
8.380655253718300585e-04
8.367330677262588322e-04
8.354027333574746365e-04
8.340745188731773585e-04
8.327484208876640391e-04
8.314244360218309322e-04
8.301025609031684096e-04
8.287827921657696341e-04
8.274651264503243798e-04
8.261495604041222849e-04
8.248360906810468882e-04
8.235247139415843029e-04
8.222154268528175788e-04
8.209082260884293042e-04
8.196031083286962936e-04
8.183000702604977189e-04
8.169991085773096887e-04
8.157002199792066574e-04
8.144034011728627266e-04
8.131086488715458986e-04
8.118159597951268586e-04
8.105253306700731198e-04
8.092367582294519510e-04
8.079502392129245215e-04
8.066657703667545753e-04
8.053833483757838517e-04
8.041029697800852359e-04
8.028246312990860827e-04
8.015483296707756134e-04
8.002740616385141869e-04
7.990018239510359018e-04
7.977316133624428500e-04
7.964634266322137904e-04
7.951972605251982941e-04
7.939331118116198889e-04
7.926709772670700958e-04
7.914108536725169944e-04
7.901527378142996936e-04
7.888966264841309334e-04
7.876425164790916639e-04
7.863904046016395024e-04
7.851402876596026616e-04
7.838921624661821181e-04
7.826460258399523711e-04
7.814018746048560218e-04
7.801597055902124468e-04
7.789195156307117266e-04
7.776813015664176812e-04
7.764450602427625577e-04
7.752107885105549451e-04
7.739784832259742446e-04
7.727481412415361213e-04
7.715197593848288063e-04
7.702933345185061223e-04
7.690688635141804379e-04
7.678463432486227558e-04
7.666257706037576166e-04
7.654071424666712307e-04
7.641904557296058404e-04
7.629757072899624303e-04
7.617628940502956317e-04
7.605520129183214201e-04
7.593430608069121285e-04
7.581360346340988319e-04
7.569309313230659269e-04
7.557277478021596964e-04
7.545264810048821300e-04
7.533271278698932009e-04
7.521296853410111907e-04
7.509341503672082446e-04
7.497405199026179606e-04
7.485487909065298602e-04
7.473589603433927493e-04
7.461710251828083213e-04
7.449849823995403734e-04
7.438008289735084091e-04
7.426185618897909995e-04
7.414380900373114536e-04
7.402595995526972585e-04
7.390829848462362019e-04
7.379082430365754668e-04
7.367353712423585499e-04
7.355643665822330680e-04
7.343952261748450117e-04
7.332279471388417806e-04
7.320625265928669802e-04
7.308989616555677934e-04
7.297372494455906444e-04
7.285773870815826078e-04
7.274193716821875056e-04
7.262632003660525210e-04
7.251088702518238612e-04
7.239563784581489261e-04
7.228057221036712126e-04
7.216568983070381204e-04
7.205099041868957485e-04
7.193647368618903042e-04
7.182213934506689705e-04
7.170798710718755695e-04
7.159401668441572842e-04
7.148022778861602136e-04
7.136662013165318659e-04
7.125319342539157379e-04
7.113994738265056296e-04
7.102688172350422359e-04
7.091399616256217030e-04
7.080129041275224668e-04
7.068876418700266494e-04
7.057641719824152889e-04
7.046424915939705075e-04
7.035225978339707410e-04
7.024044878316983284e-04
7.012881587164340909e-04
7.001736076174602591e-04
6.990608316640553772e-04
6.979498279855014592e-04
6.968405937110796512e-04
6.957331259700719672e-04
6.946274218917570598e-04
6.935234786054169428e-04
6.924212932403326541e-04
6.913208629257864245e-04
6.902221847910566897e-04
6.891252562517526320e-04
6.880300749275532679e-04
6.869366380262366314e-04
6.858449427504757908e-04
6.847549863029400198e-04
6.836667658863026034e-04
6.825802787032350920e-04
6.814955219564105540e-04
6.804124928484984796e-04
6.793311885821718289e-04
6.782516063601023689e-04
6.771737433849632764e-04
6.760975968594237166e-04
6.750231639861569745e-04
6.739504419678346006e-04
6.728794280071298799e-04
6.718101193067119777e-04
6.707425130692539622e-04
6.696766064974278175e-04
6.686123968419846898e-04
6.675498819494318087e-04
6.664890592914593645e-04
6.654299261572480494e-04
6.643724798359801819e-04
6.633167176168341776e-04
6.622626367889921381e-04
6.612102346416349726e-04
6.601595084639447827e-04
6.591104555451002007e-04
6.580630731742832199e-04
6.570173586406747495e-04
6.559733092334556984e-04
6.549309222418082770e-04
6.538901949549109005e-04
6.528511246619456707e-04
6.518137086520936051e-04
6.507779442145366971e-04
6.497438286384534705e-04
6.487113592130261354e-04
6.476805555813707101e-04
6.466513671060791909e-04
6.456238182932412268e-04
6.445979064418532259e-04
6.435736288551959297e-04
6.425509828408362562e-04
6.415299657106231799e-04
6.405105747806944536e-04
6.394928073714717300e-04
6.384766608076634887e-04
6.374621324182597236e-04
6.364492195365393156e-04
6.354379195000654790e-04
6.344282296506864116e-04
6.334201473345369218e-04
6.324136699020336573e-04
6.314087947078821528e-04
6.304055191110718428e-04
6.294038404748787717e-04
6.284037561881964046e-04
6.274052641228175173e-04
6.264083619051848129e-04
6.254130469699507259e-04
6.244193167573273712e-04
6.234271687130929409e-04
6.224366002885871503e-04
6.214476089407136236e-04
6.204601921319354485e-04
6.194743473302815728e-04
6.184900720093430100e-04
6.175073636482741402e-04
6.165262197317890238e-04
6.155466377501680152e-04
6.145686151992525584e-04
6.135921495804483317e-04
6.126172384007204765e-04
6.116438791725999947e-04
6.106720694141797370e-04
6.097018066491161374e-04
6.087330884066252017e-04
6.077659122214892299e-04
6.068002756340518285e-04
6.058361761902193200e-04
6.048736114414623695e-04
6.039125789448104549e-04
6.029530762628594566e-04
6.019951009637669950e-04
6.010386506212541660e-04
6.000837228146019622e-04
5.991303151286570200e-04
5.981784251538278243e-04
5.972280504860867688e-04
5.962791887269656022e-04
5.953318374835619336e-04
5.943859943685355458e-04
5.934416570001093717e-04
5.924988230020664581e-04
5.915574900037554951e-04
5.906176556400868048e-04
5.896793175515348349e-04
5.887424733120040195e-04
5.878071201797670491e-04
5.868732557207075387e-04
5.859408775589293504e-04
5.850099833231920191e-04
5.840805706469181244e-04
5.831526371681877621e-04
5.822261805297416874e-04
5.813011983789767622e-04
5.803776883679518089e-04
5.794556481533843584e-04
5.785350753966506500e-04
5.776159677637876912e-04
5.766983229254880536e-04
5.757821385571071371e-04
5.748674123386581826e-04
5.739541419548147656e-04
5.730423250949067846e-04
5.721319594529260992e-04
5.712230427275231687e-04
5.703155726220082451e-04
5.694095468443481200e-04
5.685049631071716547e-04
5.676018191277658765e-04
5.667001126280783643e-04
5.657998413347124778e-04
5.649010029789339714e-04
5.640035952966669826e-04
5.631076160284956581e-04
5.622130629196603595e-04
5.613199337200638428e-04
5.604282261842669218e-04
5.595379380714897693e-04
5.586490671456125672e-04
5.577616111751720375e-04
5.568755679333667547e-04
5.559909351980547604e-04
5.551077107517502027e-04
5.542258923816295157e-04
5.533454778795274080e-04
5.524664650419376221e-04
5.515888514864241126e-04
5.507126346467611103e-04
5.498378122847142778e-04
5.489643821740302536e-04
5.480923420921539986e-04
5.472216898202251090e-04
5.463524231430837803e-04
5.454845398492667950e-04
5.446180377310092576e-04
5.437529145842411255e-04
5.428891682085928462e-04
5.420267964073912379e-04
5.411657969876618743e-04
5.403061677601248567e-04
5.394479065392007765e-04
5.385910111430069211e-04
5.377354793933587914e-04
5.368813091157669578e-04
5.360284981394420473e-04
5.351770442972915995e-04
5.343269454259206089e-04
5.334781993656325001e-04
5.326308039604254422e-04
5.317847570579980945e-04
5.309400565097457036e-04
5.300967001707617299e-04
5.292546858998349200e-04
5.284140115594538603e-04
5.275746750158041582e-04
5.267366741387695265e-04
5.259000068019288555e-04
5.250646708825610926e-04
5.242306642616419892e-04
5.233979848238455102e-04
5.225666304575406901e-04
5.217365990547968369e-04
5.209078885113798459e-04
5.200804967267540430e-04
5.192544216040784980e-04
5.184296610502128798e-04
5.176062129749313010e-04
5.167840752157481848e-04
5.159632456332725447e-04
5.151437221396162501e-04
5.143255026503623520e-04
5.135085850845670348e-04
5.126929673647561466e-04
5.118786474169300781e-04
5.110656231705609440e-04
5.102538925585929077e-04
5.094434535174429410e-04
5.086343039869978960e-04
5.078264419106193845e-04
5.070198652351403084e-04
5.062145719108667027e-04
5.054105598915739411e-04
5.046078271345125904e-04
5.038063716004042908e-04
5.030061912534437071e-04
5.022072840612953849e-04
5.014096479950984125e-04
5.006132810294631683e-04
4.998181811424733806e-04
4.990243463156822249e-04
4.982317745341174192e-04
4.974404637862785139e-04
4.966504120641378672e-04
4.958616173631371759e-04
4.950740776821934384e-04
4.942877910236946181e-04
4.935027553935018114e-04
4.927189688009459955e-04
4.919364292588324734e-04
4.911551347834382719e-04
4.903750833945133341e-04
4.895962731152771587e-04
4.888187019724240037e-04
4.880423679961196884e-04
4.872672692200019726e-04
4.864934036811819121e-04
4.857207694202399554e-04
4.849493644712543736e-04
4.841791867868486840e-04
4.834102343870187810e-04
4.826425053167504977e-04
4.818759976242817855e-04
4.811107093610994079e-04
4.803466385819407289e-04
4.795837833447899731e-04
4.788221417108838086e-04
4.780617117447075529e-04
4.773024915139970699e-04
4.765444790897351924e-04
4.757876725461571967e-04
4.750320699607468462e-04
4.742776694142386671e-04
4.735244689906141003e-04
4.727724667771068139e-04
4.720216608641993961e-04
4.712720493456238973e-04
4.705236303183629146e-04
4.697764018826462305e-04
4.690303621419556921e-04
4.682855092030228797e-04
4.675418411758263965e-04
4.667993561735971270e-04
4.660580523128146050e-04
4.653179277132082057e-04
4.645789804977575803e-04
4.638412087926896193e-04
4.631046107274833863e-04
4.623691844348667025e-04
4.616349280508178269e-04
4.609018397145622586e-04
4.601699175685776150e-04
4.594391597585902173e-04
4.587095644335769870e-04
4.579811297457619230e-04
4.572538538506211968e-04
4.565277349068797919e-04
4.558027710765131298e-04
4.550789605247438177e-04
4.543563013952162913e-04
4.536347917810612486e-04
4.529144298436567698e-04
4.521952137522812455e-04
4.514771416792337077e-04
4.507602117998301436e-04
4.500444222924048507e-04
4.493297713383107624e-04
4.486162571219165745e-04
4.479038778306114075e-04
4.471926316548014996e-04
4.464825167879120501e-04
4.457735314263838581e-04
4.450656737696781474e-04
4.443589420202734221e-04
4.436533343836669848e-04
4.429488490683717921e-04
4.422454842859211712e-04
4.415432382508657837e-04
4.408421091807751438e-04
4.401420952962342573e-04
4.394431948208487172e-04
4.387454059812412885e-04
4.380487270070535346e-04
