1.804604567587375641e-02 3.334784880280494690e-03 -5.720360875129699707e-01 3.203265241319423057e-03
1.769512519240379333e-02 3.227407578378915787e-03 -5.655881166458129883e-01 3.141545548595221261e-03
1.735138520598411560e-02 3.123594913631677628e-03 -5.592013597488403320e-01 3.080914918348832011e-03
1.701467670500278473e-02 3.023225814104080200e-03 -5.528752207756042480e-01 3.021340354083649083e-03
1.668484508991241455e-02 2.926182234659790993e-03 -5.466093420982360840e-01 2.962831289634906308e-03
1.636174879968166351e-02 2.832352416589856148e-03 -5.404032468795776367e-01 2.905403743434595114e-03
1.604524627327919006e-02 2.741627395153045654e-03 -5.342563390731811523e-01 2.849007060224692609e-03
1.573519408702850342e-02 2.653900301083922386e-03 -5.281683802604675293e-01 2.793589218016250420e-03
1.543146185576915741e-02 2.569071482867002487e-03 -5.221387147903442383e-01 2.739166120096183776e-03
1.513390894979238510e-02 2.487041056156158447e-03 -5.161669850349426270e-01 2.685726415972453356e-03
1.484241150319576263e-02 2.407715423032641411e-03 -5.102526545524597168e-01 2.633225577159857556e-03
1.455683726817369461e-02 2.331002615392208099e-03 -5.043954849243164062e-01 2.581643180119114721e-03
1.427706424146890640e-02 2.256814856082201004e-03 -4.985947608947753906e-01 2.530984252484574926e-03
1.400297041982412338e-02 2.185066696256399155e-03 -4.928501248359680176e-01 2.481241882113827645e-03
1.373443286865949631e-02 2.115675015375018120e-03 -4.871611893177032471e-01 2.432399938156275775e-03
1.347134262323379517e-02 2.048562280833721161e-03 -4.815274775028228760e-01 2.384406996040078046e-03
1.321357581764459610e-02 1.983649795874953270e-03 -4.759485125541687012e-01 2.337276681629182895e-03
1.296102628111839294e-02 1.920864568091928959e-03 -4.704238772392272949e-01 2.291014141894550434e-03
1.271358411759138107e-02 1.860134885646402836e-03 -4.649530947208404541e-01 2.245568208908161906e-03
1.247114315629005432e-02 1.801391597837209702e-03 -4.595358073711395264e-01 2.200939176100989974e-03
1.223359536379575729e-02 1.744568115100264549e-03 -4.541715979576110840e-01 2.157122854302493363e-03
1.200084201991558075e-02 1.689600176177918911e-03 -4.488598704338073730e-01 2.114060868088609314e-03
1.177278161048889160e-02 1.636425382457673550e-03 -4.436002969741821289e-01 2.071770489416943726e-03
1.154931634664535522e-02 1.584983663633465767e-03 -4.383924603462219238e-01 2.030269705892970289e-03
1.133034937083721161e-02 1.535217510536313057e-03 -4.332359433174133301e-01 1.989515835773508854e-03
1.111578755080699921e-02 1.487069996073842049e-03 -4.281302988529205322e-01 1.949498268381351677e-03
1.090554054826498032e-02 1.440488267689943314e-03 -4.230750501155853271e-01 1.910206118756374105e-03
1.069951709359884262e-02 1.395419007167220116e-03 -4.180698990821838379e-01 1.871588708969029518e-03
1.049762964248657227e-02 1.351812505163252354e-03 -4.131143093109130859e-01 1.833661157484072326e-03
1.029979344457387924e-02 1.309619750827550888e-03 -4.082079529762268066e-01 1.796440371627679427e-03
1.010592095553874969e-02 1.268793246708810329e-03 -4.033503532409667969e-01 1.759924705383275612e-03
9.915933012962341309e-03 1.229287940077483654e-03 -3.985411226749420166e-01 1.724055372964755596e-03
9.729747660458087921e-03 1.191060058772563934e-03 -3.937799334526062012e-01 1.688805942792860528e-03
9.547286666929721832e-03 1.154066878370940685e-03 -3.890663385391235352e-01 1.654217684394830015e-03
9.368475526571273804e-03 1.118268002755939960e-03 -3.843997716903686523e-01 1.620231830373676908e-03
9.193234145641326904e-03 1.083622919395565987e-03 -3.797800242900848389e-01 1.586873097588673833e-03
9.021490812301635742e-03 1.050094026140868664e-03 -3.752066791057586670e-01 1.554134133672500570e-03
8.853174746036529541e-03 1.017644419334828854e-03 -3.706792891025543213e-01 1.521989997213422149e-03
8.688212372362613678e-03 9.862381266430020332e-04 -3.661974966526031494e-01 1.490461414923649258e-03
8.526538498699665070e-03 9.558408055454492569e-04 -3.617607951164245605e-01 1.459449767754728532e-03
8.368079550564289093e-03 9.264187538065016270e-04 -3.573690056800842285e-01 1.429012699391340969e-03
8.212774991989135742e-03 8.979404228739440441e-04 -3.530215322971343994e-01 1.399152004113709885e-03
8.060555905103683472e-03 8.703742059879004955e-04 -3.487181067466735840e-01 1.369818157141651982e-03
7.911361753940582275e-03 8.436903008259832859e-04 -3.444583415985107422e-01 1.341002475825115196e-03
7.765128277242183685e-03 8.178594871424138546e-04 -3.402418196201324463e-01 1.312704698153458046e-03
7.621795870363712311e-03 7.928538252599537373e-04 -3.360682427883148193e-01 1.284932081461519736e-03
7.481303531676530838e-03 7.686461904086172581e-04 -3.319371938705444336e-01 1.257708139553503045e-03
7.343596313148736954e-03 7.452104473486542702e-04 -3.278482556343078613e-01 1.230985147337607805e-03
7.208613213151693344e-03 7.225210429169237614e-04 -3.238011002540588379e-01 1.204750552347711497e-03
7.076301146298646927e-03 7.005537627264857292e-04 -3.197953701019287109e-01 1.178989571961009449e-03
6.946604233235120773e-03 6.792847416363656521e-04 -3.158307075500488281e-01 1.153691907111484326e-03
6.819469388574361801e-03 6.586912204511463642e-04 -3.119067549705505371e-01 1.128875833546346850e-03
6.694845389574766159e-03 6.387513712979853153e-04 -3.080230653285980225e-01 1.104517199013304923e-03
6.572678219527006149e-03 6.194434245117008686e-04 -3.041794598102569580e-01 1.080599920285228461e-03
6.452920846641063690e-03 6.007468327879905701e-04 -3.003753721714019775e-01 1.057094160332787370e-03
6.335521582514047623e-03 5.826417473144829273e-04 -2.966106235980987549e-01 1.034038106400140579e-03
6.220433861017227173e-03 5.651088431477546692e-04 -2.928847670555114746e-01 1.011439583019826472e-03
6.107610184699296951e-03 5.481294938363134861e-04 -2.891975343227386475e-01 9.892395393871365652e-04
5.997005384415388107e-03 5.316857132129371166e-04 -2.855485379695892334e-01 9.674366098181498737e-04
5.888572428375482559e-03 5.157600389793515205e-04 -2.819374501705169678e-01 9.460302288950747087e-04
5.782269407063722610e-03 5.003356491215527058e-04 -2.783638834953308105e-01 9.250196446214486827e-04
5.678051151335239410e-03 4.853962745983153582e-04 -2.748275995254516602e-01 9.043954937958295333e-04
5.575876682996749878e-03 4.709262284450232983e-04 -2.713282108306884766e-01 8.841678397662819508e-04
5.475703626871109009e-03 4.569101438391953707e-04 -2.678653895854949951e-01 8.643277044767471405e-04
5.377492401748895645e-03 4.433335852809250355e-04 -2.644387781620025635e-01 8.448558086077091528e-04
5.281202495098114014e-03 4.301820881664752960e-04 -2.610480785369873047e-01 8.257276186450014958e-04
5.186795257031917572e-03 4.174419445917010307e-04 -2.576930224895477295e-01 8.069410885907020870e-04
5.094233434647321701e-03 4.051000869367271662e-04 -2.543732225894927979e-01 7.885034504824877614e-04
5.003478843718767166e-03 3.931433602701872587e-04 -2.510883510112762451e-01 7.704145432179249336e-04
4.914494697004556656e-03 3.815595991909503937e-04 -2.478381842374801636e-01 7.526604366432750786e-04
4.827246069908142090e-03 3.703365800902247429e-04 -2.446223348379135132e-01 7.352219628433730517e-04
4.741697106510400772e-03 3.594628069549798965e-04 -2.414404898881912231e-01 7.180950180851005575e-04
4.657814744859933853e-03 3.489270166028290987e-04 -2.382924109697341919e-01 7.012796204896215623e-04
4.575564526021480560e-03 3.387183242011815310e-04 -2.351776659488677979e-01 6.847753276983956430e-04
4.494913853704929352e-03 3.288263396825641394e-04 -2.320961058139801025e-01 6.685767101385736407e-04
4.415831528604030609e-03 3.192407602909952402e-04 -2.290472984313964844e-01 6.526807964704674789e-04
4.338284023106098175e-03 3.099518071394413710e-04 -2.260310500860214233e-01 6.370788345620336445e-04
4.262241534888744354e-03 3.009499632753431797e-04 -2.230470478534698486e-01 6.217579052427622778e-04
4.187673795968294144e-03 2.922260900959372520e-04 -2.200949490070343018e-01 6.067054265421926518e-04
4.114551935344934464e-03 2.837712818291038275e-04 -2.171744853258132935e-01 5.919184176374028307e-04
4.042845685034990311e-03 2.755769528448581696e-04 -2.142854034900665283e-01 5.773955800511261331e-04
3.972528036683797836e-03 2.676347503438591957e-04 -2.114273905754089355e-01 5.631334470306947459e-04
3.903570352122187614e-03 2.599366707727313042e-04 -2.086001485586166382e-01 5.491285438773987025e-04
3.835946321487426758e-03 2.524750307202339172e-04 -2.058034241199493408e-01 5.353795032711571684e-04
3.769627306610345840e-03 2.452420594636350870e-04 -2.030369490385055542e-01 5.218729260418854743e-04
3.704589325934648514e-03 2.382306265644729137e-04 -2.003004252910614014e-01 5.085891625483255404e-04
3.640806069597601891e-03 2.314337907591834664e-04 -1.975935697555541992e-01 4.955169158844020556e-04
3.578251926228404045e-03 2.248445816803723574e-04 -1.949161738157272339e-01 4.826513946301850405e-04
3.516903379932045937e-03 2.184564800700172782e-04 -1.922678947448730469e-01 4.699861290170068043e-04
3.456735517829656601e-03 2.122630685335025191e-04 -1.896485239267349243e-01 4.575215013801592996e-04
3.397725289687514305e-03 2.062582352664321661e-04 -1.870577782392501831e-01 4.452655575464078866e-04
3.339849645271897316e-03 2.004359848797321320e-04 -1.844954341650009155e-01 4.332181376867249483e-04
3.283086465671658516e-03 1.947906275745481253e-04 -1.819611340761184692e-01 4.213643944662569946e-04
3.227412700653076172e-03 1.893164298962801695e-04 -1.794546991586685181e-01 4.096883395634948470e-04
3.172806696966290474e-03 1.840080803958699107e-04 -1.769759356975555420e-01 3.981777951074119779e-04
3.119248431175947189e-03 1.788603694876655936e-04 -1.745244562625885010e-01 3.868214075353400305e-04
3.066716017201542854e-03 1.738681894494220614e-04 -1.721000969409942627e-01 3.756189938886759843e-04
3.015189897269010544e-03 1.690266799414530396e-04 -1.697025746107101440e-01 3.645674179774591704e-04
2.964649349451065063e-03 1.643310824874788523e-04 -1.673316955566406250e-01 3.536379485230422984e-04
2.915075747296214104e-03 1.597768568899482489e-04 -1.649871468544006348e-01 3.428143930642417870e-04
2.866449300199747086e-03 1.553595502628013492e-04 -1.626687347888946533e-01 3.321145229563386052e-04
2.818751381710171700e-03 1.510748406872153282e-04 -1.603762358427047729e-01 3.215299602465088581e-04
2.771963831037282944e-03 1.469186099711805582e-04 -1.581093966960906982e-01 3.110228113625697322e-04
2.726068720221519470e-03 1.428868272341787815e-04 -1.558679640293121338e-01 3.005641086759121999e-04
2.681048586964607239e-03 1.389756216667592525e-04 -1.536517292261123657e-01 2.901593240276960708e-04
2.636884804815053940e-03 1.351811370113864541e-04 -1.514604836702346802e-01 2.798175067280202970e-04
2.593562472611665726e-03 1.314998662564903498e-04 -1.492939442396163940e-01 2.695193068518350848e-04
2.551063895225524902e-03 1.279282296309247613e-04 -1.471519470214843750e-01 2.592452550406087108e-04
2.509373473003506660e-03 1.244628365384414792e-04 -1.450342237949371338e-01 2.489698182455574453e-04
2.468474442139267921e-03 1.211003036587499082e-04 -1.429405808448791504e-01 2.386650229364721586e-04
2.428351901471614838e-03 1.178375096060335636e-04 -1.408708095550537109e-01 2.283028982002951708e-04
2.388990484178066254e-03 1.146713257185183465e-04 -1.388246715068817139e-01 2.178570031434298368e-04
2.350375289097428322e-03 1.115987906814552844e-04 -1.368019580841064453e-01 2.073025985383840049e-04
2.312491647899150848e-03 1.086169941117987037e-04 -1.348024457693099976e-01 1.966037089493451401e-04
2.275324892252683640e-03 1.057230911101214588e-04 -1.328259557485580444e-01 1.857279496639460388e-04
2.238861285150051117e-03 1.029143968480639160e-04 -1.308722496032714844e-01 1.746309161373481398e-04
2.203087555244565010e-03 1.001883065328001976e-04 -1.289411485195159912e-01 1.632670303924783634e-04
2.167989034205675125e-03 9.754221537150442600e-05 -1.270324140787124634e-01 1.515961107366246938e-04
2.133553382009267807e-03 9.497370047029107809e-05 -1.251458823680877686e-01 1.395781407012574595e-04
2.099767560139298439e-03 9.248035348718985915e-05 -1.232813224196434021e-01 1.270995360625891857e-04
2.066618530079722404e-03 9.005988249555230141e-05 -1.214385703206062317e-01 1.141313115277284139e-04
2.034094184637069702e-03 8.771003194851800799e-05 -1.196173727512359619e-01 1.005667518635686771e-04
2.002182183787226677e-03 8.542864088667556643e-05 -1.178175881505012512e-01 8.631312882876906220e-05
1.970870885998010635e-03 8.321363566210493445e-05 -1.160390079021453857e-01 7.123526749421901360e-05
1.940148184075951576e-03 8.106292079901322722e-05 -1.142814531922340393e-01 5.524471272396668599e-05
1.910003134980797768e-03 7.897462637629359961e-05 -1.125446930527687073e-01 3.816948319780611462e-05
1.880423631519079208e-03 7.694675150560215116e-05 -1.108285933732986450e-01 1.981819949089328931e-05
1.851399429142475128e-03 7.497750630136579275e-05 -1.091329231858253479e-01 0.000000000000000000e+00
