3.000000000000000000e+00
2.999510805335078523e+00
2.999024764161850598e+00
2.998541908134332523e+00
2.998062201056737486e+00
2.997585624075460142e+00
2.997112198958211682e+00
2.996641797617757952e+00
2.996174493630515911e+00
2.995710260220842525e+00
2.995249067246351871e+00
2.994790890615579571e+00
2.994335706256382235e+00
2.993883490096616473e+00
2.993434218064138008e+00
2.992987866086803894e+00
2.992544410287335754e+00
2.992103838052825537e+00
2.991666135587027320e+00
2.991231283814352437e+00
2.990799263659213114e+00
2.990370056046021574e+00
2.989943641899188709e+00
2.989520002526039999e+00
2.989099120246037078e+00
2.988680976529846767e+00
2.988265552774370004e+00
2.987852830376506841e+00
2.987442790733157771e+00
2.987035415304254649e+00
2.986630687526936168e+00
2.986228590391667659e+00
2.985829106126253407e+00
2.985432216958497254e+00
2.985037905116203039e+00
2.984646152827175047e+00
2.984256948554307343e+00
2.983870262949788632e+00
2.983486088893502419e+00
2.983104408887513603e+00
2.982725205556092440e+00
2.982348461645713211e+00
2.981974160104651883e+00
2.981602285536100183e+00
2.981232822076985034e+00
2.980865753508511684e+00
2.980501063771189507e+00
2.980138736964834223e+00
2.979778757348565676e+00
2.979421109340810503e+00
2.979065777519300351e+00
2.978712746621070995e+00
2.978362001542465887e+00
2.978013527339131716e+00
2.977667309226022407e+00
2.977323332478918783e+00
2.976981581237641006e+00
2.976642040411102919e+00
2.976304695397371525e+00
2.975969531723084316e+00
2.975636535043448383e+00
2.975305691142239084e+00
2.974976985931801376e+00
2.974650405453049817e+00
2.974325935875468119e+00
2.974003563497108260e+00
2.973683274744593596e+00
2.973365056173114418e+00
2.973048894330417191e+00
2.972734774606595298e+00
2.972422683226460194e+00
2.972112606809125701e+00
