1.956140320350951356e+02
1.968572576729770560e+02
1.981083846355779201e+02
1.993674631397934718e+02
2.006345437216732250e+02
2.019096772384486371e+02
2.031929148705744694e+02
2.044843081237830802e+02
2.057839088311517060e+02
2.070917691551827602e+02
2.084079415898977743e+02
2.097324789629442705e+02
2.110654344377155383e+02
2.124068615154855877e+02
2.137568140375557277e+02
2.151153461874158666e+02
2.164825124929192555e+02
2.178583678284710743e+02
2.192429674172310285e+02
2.206363668333297312e+02
2.220386220040993805e+02
2.234497892123186205e+02
2.248699250984713274e+02
2.262990866630202902e+02
2.277373312686950726e+02
2.291847166427936884e+02
2.306413008795007329e+02
2.321071424422184180e+02
2.335823001659133524e+02
2.350668332594779031e+02
2.365608013081067895e+02
2.380642642756886289e+02
2.395772825072126864e+02
2.410999167311911151e+02
2.426322280620962317e+02
2.441742780028136508e+02
2.457261284471107388e+02
2.472878416821209271e+02
2.488594803908439701e+02
2.504411076546609252e+02
2.520327869558675218e+02
2.536345821802211162e+02
2.552465576195052961e+02
2.568687779741102304e+02
2.585013083556297033e+02
2.601442142894743483e+02
2.617975617175019352e+02
2.634614170006637437e+02
2.651358469216683602e+02
2.668209186876622425e+02
2.685166999329268833e+02
2.702232587215939930e+02
2.719406635503765415e+02
2.736689833513190138e+02
2.754082874945636945e+02
2.771586457911350294e+02
2.789201284957416078e+02
2.806928063095960511e+02
2.824767503832528064e+02
2.842720323194639604e+02
2.860787241760530151e+02
2.878968984688073078e+02
2.897266281743883951e+02
2.915679867332614208e+02
2.934210480526425044e+02
2.952858865094656835e+02
2.971625769533669086e+02
2.990511947096902645e+02
3.009518155825098802e+02
3.028645158576729841e+02
3.047893723058617752e+02
3.067264621856747340e+02
