1.000000000000000000e+00
9.998695458718444007e-01
9.997399281850880559e-01
9.996111555805020643e-01
9.994832184376201134e-01
9.993561118198904802e-01
9.992298417669430721e-01
9.991043738213102321e-01
9.989797280180021666e-01
9.988558972759782328e-01
9.987328736032252685e-01
9.986106506373226832e-01
9.984892220185830336e-01
9.983685813848652835e-01
9.982487223715984515e-01
9.981296386118060360e-01
9.980113237889791655e-01
9.978937746394606068e-01
9.977769875769846308e-01
9.976609575815303943e-01
9.975456796310755436e-01
9.974311487016155331e-01
9.973173597671803892e-01
9.972043079056343018e-01
9.970919884725524263e-01
9.969803965871736340e-01
9.968695273464913686e-01
9.967593758456489983e-01
9.966499371779561356e-01
9.965412064521524949e-01
9.964331793162161111e-01
9.963258512942232414e-01
9.962192176998573290e-01
9.961132738450946267e-01
9.960080150402214061e-01
9.959034365938481681e-01
9.957995355178614894e-01
9.956963039524021619e-01
9.955937401139431930e-01
9.954918393797629328e-01
9.953905971589740442e-01
9.952900088925475952e-01
9.951900700750656581e-01
9.950907766514895947e-01
9.949921244381119134e-01
9.948941091527230274e-01
9.947967265552380978e-01
9.946999724477201266e-01
9.946038426744031602e-01
9.945083331217153821e-01
9.944134397183002072e-01
9.943191584350391521e-01
9.942254852850738178e-01
9.941324163238272060e-01
9.940399476490245911e-01
9.939480753736035235e-01
9.938567952962252816e-01
9.937661034257466719e-01
9.936759959041969736e-01
9.935864689075275535e-01
9.934975186456306284e-01
9.934091413623566957e-01
9.933213333355329633e-01
9.932340908769813348e-01
9.931474103325351743e-01
9.930612880820575139e-01
9.929757205394575958e-01
9.928907041527079702e-01
9.928062353664321993e-01
9.927223103053797182e-01
9.926389253226898246e-01
9.925560768787361487e-01
